128
151
154
154
154
154
154
154
154
154
21
11
10
10
10
10
9
10
10
10
10
7
8
8
8
8
8
8
8
8
8
6
6
6
6
6
6
6
6
6
6
7
7
7
7
6
6
6
7
7
7
6
6
6
7
6
6
6
6
6
6
6
7
6
7
7
7
7
7
8
7
6
6
7
7
7
7
7
7
6
7
7
17
17
17
16
16
16
17
17
17
7
7
7
8
8
7
7
7
7
7
6
6
6
6
6
6
7
7
6
6
6
8
9
8
8
8
8
9
9
9
37
36
36
35
35
35
35
36
35
35
64
84
85
85
85
85
86
85
85
85
50
7
6
7
6
6
6
2
3
2
8
9
10
9
8
9
10
10
9
10
1
4
7
7
4
39
53
2
2
2
2
5
2
2
1
6
3
12
21
22
19
19
18
18
18
10
8
8
2
1
2
0
1
2
3
6
7
6
6
6
6
6
7
7
6
3
2
1
1
2
3
3
2
1
1
3
2
5
2
2
2
3
1
2
0
1
2
2
3
1
2
0
1
5
3
2
3
1
2
4
2
1
1
2
1
2
0
1
4
3
0
2
1
4
1
2
1
1
2
1
2
1
1
1
2
3
1
3
1
2
1
1
2
1
2
0
2
1
2
3
2
2
0
2
3
1
3
1
5
2
3
2
3
1
3
2
0
1
14
22
24
30
37
42
49
57
64
70
67
66
66
66
66
66
65
64
64
65
65
66
65
63
64
63
63
63
64
65
67
68
71
74
76
78
78
76
78
73
72
71
67
66
65
65
65
65
65
67
69
70
72
72
73
73
75
76
75
74
73
72
73
73
72
71
72
72
71
72
70
71
70
70
68
67
66
68
69
69
69
70
68
68
70
68
68
70
70
71
71
72
73
71
67
60
52
43
35
28
20
13
6
5
3
5
2
3
2
1
3
1
3
0
7
1
3
1
2
1
3
1
3
1
4
3
2
1
4
0
5
2
4
1
2
2
5
3
3
2
2
3
7
5
0
4
3
0
1
4
3
3
1
2
4
3
2
2
4
3
3
1
2
3
2
2
1
3
1
2
3
2
2
1
2
10
17
23
31
38
46
54
61
69
75
74
73
73
73
72
66
59
52
44
40
35
29
22
38
30
28
26
25
3
2
1
6
3
9
9
6
3
18
20
12
9
9
9
10
10
9
9
6
4
1
7
4
1
3
1
2
10
18
22
29
35
42
51
59
66
74
73
74
74
76
70
64
55
47
40
33
25
17
9
2
3
2
3
5
9
8
11
3
12
5
2
2
4
0
2
13
4
2
1
11
7
4
3
3
5
4
3
11
8
4
3
5
3
1
9
3
3
1
9
3
5
3
7
4
4
15
16
1
4
4
6
9
4
2
2
17
17
2
3
2
4
5
2
5
4
4
7
23
19
15
12
10
11
11
11
11
11
4
35
35
26
20
19
19
19
20
19
19
287
6
4
1
2
1
3
1
3
1
1
2
0
10
8
5
3
6
5
3
1
5
3
1
2
4
3
1
2
5
2
3
5
6
5
1
3
6
5
1
2
6
4
0
3
2
0
3
0
1
2
1
6
2
4
2
0
2
0
1
0
1
0
3
2
0
3
2
2
1
1
3
1
1
0
2
0
1
0
2
4
0
0
2
0
1
1
3
1
2
3
7
4
1
1
4
1
0
6
5
3
2
0
3
2
1
4
1
2
1
3
2
3
1
2
1
2
1
2
0
3
1
1
0
3
1
2
0
3
1
2
0
3
2
2
0
4
1
2
0
4
2
1
1
5
3
1
2
3
2
2
0
3
1
1
0
3
2
2
0
4
1
2
0
3
1
2
0
4
1
2
1
3
2
2
0
3
2
1
1
3
1
1
0
3
1
2
0
3
2
2
0
3
2
2
0
3
2
2
1
3
1
2
0
3
2
2
1
3
2
1
1
4
2
1
0
6
1
2
1
2
0
6
6
2
0
4
3
2
6
3
2
2
3
0
5
2
1
6
6
1
1
1
5
2
1
5
3
1
1
0
6
1
1
0
5
4
2
0
1
1
2
0
5
2
2
1
5
5
4
1
2
0
2
1
5
0
1
1
5
2
0
5
3
2
2
2
4
1
1
2
2
2
5
4
1
0
3
2
1
2
3
2
3
0
3
2
3
0
4
2
3
5
1
2
0
5
5
3
0
4
1
4
2
0
1
2
5
5
2
0
5
3
3
2
1
2
1
2
2
1
0
3
1
4
1
2
2
2
1
4
1
0
4
2
1
1
1
3
0
3
1
2
1
2
4
2
5
3
0
0
5
5
1
1
1
1
0
5
2
1
2
4
2
0
4
1
1
5
5
2
0
3
1
1
1
0
1
1
3
3
2
6
6
1
4
3
1
3
2
1
4
2
2
1
1
5
5
3
1
2
1
1
2
5
2
0
4
1
0
5
5
2
0
4
1
0
5
5
3
1
4
3
2
9
6
2
1
3
2
1
5
6
2
0
4
3
1
6
6
2
1
2
1
3
2
0
5
1
1
5
3
2
2
1
0
5
2
0
5
2
1
5
5
2
0
4
3
2
5
6
2
1
2
1
1
5
1
1
1
0
1
1
4
2
1
3
2
1
0
5
3
1
4
2
1
5
5
2
0
2
1
1
2
5
1
1
5
1
1
1
1
3
0
5
2
1
5
1
1
4
0
1
1
2
0
1
5
2
1
1
1
3
1
5
3
2
2
1
2
2
2
4
2
2
2
1
2
2
1
2
2
6
1
4
2
1
1
1
0
1
4
2
1
1
1
1
1
1
1
5
5
1
1
2
1
3
0
0
1
1
3
1
1
1
1
0
2
2
5
5
1
0
1
2
1
1
4
1
1
5
2
1
1
2
3
5
5
3
2
2
2
2
2
4
4
1
7
2
4
4
2
2
0
2
1
5
5
2
1
5
2
1
1
1
2
1
5
2
2
2
0
2
2
1
1
1
4
2
1
2
3
4
4
2
5
2
0
2
2
1
1
5
1
0
1
1
2
1
4
2
2
1
2
4
4
2
5
3
1
1
1
0
2
5
2
2
5
2
1
0
2
1
0
1
4
5
2
2
3
1
1
1
3
4
2
1
2
3
4
4
2
4
1
1
1
2
0
2
5
2
2
4
2
2
1
2
0
1
1
6
6
2
1
4
3
1
1
1
2
2
5
2
2
2
0
2
2
2
2
2
5
2
2
2
1
1
1
5
5
3
1
5
1
0
1
2
2
1
4
3
2
2
0
2
2
2
3
2
4
2
2
1
3
4
4
2
4
2
1
1
2
1
1
4
3
1
4
2
2
1
1
2
0
5
1
1
5
3
1
5
3
1
1
1
1
1
5
1
1
5
2
1
1
1
7
1
3
1
2
3
1
2
1
5
5
2
2
4
1
0
1
1
0
1
4
3
1
1
1
2
2
5
2
2
2
0
2
1
1
2
1
5
2
2
1
0
2
2
1
1
0
5
1
3
0
6
2
1
4
2
3
2
2
3
1
0
1
1
2
1
1
2
3
0
2
2
3
0
2
3
0
3
1
3
1
3
1
3
1
2
1
2
1
3
1
1
2
1
1
1
2
1
1
1
2
0
1
2
2
0
2
1
2
1
1
1
2
0
1
2
2
0
2
2
2
1
1
1
3
1
2
1
3
1
1
1
2
0
1
1
2
0
1
2
2
1
2
1
2
1
1
1
2
0
1
2
2
0
2
1
3
1
2
2
2
0
2
1
3
1
1
1
2
0
1
1
2
0
1
2
3
0
2
1
2
1
1
1
2
0
2
2
2
1
2
1
2
1
1
1
3
1
1
1
2
0
1
2
2
0
2
1
3
1
1
1
2
0
1
1
2
0
1
2
2
0
2
2
2
0
2
1
2
1
1
1
3
1
1
1
3
1
1
1
2
0
1
2
2
0
2
2
2
0
2
1
3
1
1
1
2
1
1
1
2
0
1
2
2
0
2
2
2
0
2
2
3
1
2
1
3
1
1
1
2
1
1
1
2
0
1
2
2
0
2
2
2
0
2
1
3
1
1
1
2
0
1
1
3
1
1
1
2
1
1
1
2
0
1
1
2
0
2
1
3
1
1
1
2
1
1
1
2
0
2
2
3
0
2
1
3
1
1
1
3
1
1
1
2
0
1
2
2
0
1
2
3
0
2
1
3
1
2
1
2
1
1
1
2
1
1
1
2
0
1
2
2
0
2
2
2
0
1
2
3
0
2
1
3
1
1
1
2
1
1
1
2
0
1
1
2
0
1
2
2
1
2
1
1
1
1
1
2
0
1
2
2
0
2
1
3
1
1
1
3
0
1
1
2
0
1
1
2
0
1
1
2
0
1
2
2
0
2
1
2
1
1
1
3
1
1
1
3
1
1
1
2
0
1
1
2
0
2
2
2
1
2
1
2
1
1
1
2
1
1
1
2
0
1
2
3
0
2
1
2
1
1
2
3
3
2
1
3
1
1
1
2
1
1
1
2
0
1
1
2
0
1
2
2
0
2
2
2
1
1
1
1


countEmpty = 1680	countFull = 143
