162
247
265
269
269
270
270
269
270
270
101
14
1
0
0
1
1
0
1
0
89
86
86
86
86
86
96
100
101
100
14
8
9
11
12
15
9
10
13
13
14
15
13
55
53
62
65
64
60
59
15
9
9
12
15
7
6
6
7
8
9
11
12
12
11
11
11
12
12
12
14
13
14
14
14
13
14
12
12
11
10
9
10
10
8
8
9
10
8
9
9
9
10
10
10
11
9
9
8
8
7
4
3
0
12
5
3
3
5
5
6
7
6
3
2
6
4
2
3
5
4
4
5
5
4
3
3
4
1
1
6
4
4
3
2
6
3
4
6
2
6
9
15
22
26
25
25
26
26
26
25
17
10
5
2
4
2
5
4
6
6
4
5
4
4
4
7
9
5
5
14
14
17
17
18
19
19
27
29
17
15
13
11
6
6
7
6
9
5
6
5
6
6
7
8
7
7
4
2
3
1
7
8
2
4
5
2
5
4
2
2
3
1
5
3
1
0
1
2
0
5
11
5
2
0
1
14
6
2
2
0
2
0
2
2
1
3
2
4
1
0
2
5
3
1
1
4
2
2
1
1
2
4
1
1
0
5
2
1
1
0
1
1
2
2
1
1
0
1
4
2
1
2
5
1
1
2
1
4
4
2
0
4
1
0
2
1
0
2
1
1
0
3
1
1
0
1
5
1
4
2
0
1
4
6
6
3
1
1
1
2
0
1
1
0
4
3
1
2
0
3
2
4
4
4
2
4
3
0
4
2
2
3
2
2
4
5
1
2
2
2
1
4
6
2
1
0
1
2
2
2
2
1
4
2
1
1
3
2
1
4
1
2
2
2
1
2
1
1
0
1
0
1
1
1
1
1
1
5
5
1
3
1
2
1
3
0
2
3
0
1
1
3
1
1
4
1
1
4
4
1
0
4
2
0
2
2
1
1
1
1
0
3
0
1
1
4
1
0
2
1
1
1
2
2
1
1
1
1
0
2
1
4
1
1
0
1
6
0
5
2
2
1
2
0
2
3
2
1
4
5
1
0
4
1
1
2
2
1
0
3
0
1
0
1
1
1
3
1
1
1
1
1
0
4
1
2
2
2
2
1
3
1
1
4
2
1
5
5
2
1
4
2
1
3
1
1
7
4
1
0
0
2
1
0
4
1
1
0
1
3
1
3
1
0
4
2
5
1
1
1
1
4
4
1
1
3
2
1
5
5
0
2
2
2
0
1
1
0
3
1
1
0
1
0
4
1
1
4
4
2
2
0
1
1
5
5
1
0
5
1
1
5
2
1
5
2
1
4
0
1
1
4
1
1
0
4
2
1
5
5
1
0
4
2
0
2
1
2
0
1
1
2
0
4
2
1
4
1
0
0
4
2
1
1
0
2
1
3
1
0
1
4
0
0
1
1
2
0
5
5
1
0
4
2
1
1
1
2
0
0
3
7
5
2
1
5
1
1
5
5
2
1
5
3
0
2
0
2
1
5
5
1
1
4
1
1
2
3
1
0
4
6
1
1
0
3
0
5
4
2
0
3
3
1
3
1
3
2
1
3
0
4
5
3
0
3
1
2
2
1
0
4
1
1
0
3
1
1
0
1
1
1
4
1
1
2
1
2
0
3
1
1
0
1
2
3
3
1
4
3
0
4
4
3
2
4
2
0
4
1
1
2
2
1
1
4
1
1
2
2
1
2
0
1
4
1
0
2
0
2
2
1
1
3
2
1
2
2
1
2
3
2
0
4
2
1
1
1
1
1
3
1
1
1
1
1
1
4
1
2
2
3
2
2
4
2
1
3
2
2
0
2
1
4
4
2
1
4
2
2
1
4
2
0
4
1
1
6
5
0
1
1
1
2
1
1
1
4
1
1
1
2
1
1
4
1
1
0
0
2
1
0
1
3
2
4
1
2
3
1
1
4
2
1
4
1
1
0
4
3
1
1
4
2
2
2
1
1
1
4
1
1
2
2
1
1
1
1
4
1
3
2
1
4
5
1
1
3
1
2
0
1
1
1
3
1
1
3
1
4
2
0
1
2
1
5
2
1
1
4
1
1
1
3
2
1
3
1
0
5
5
1
1
4
1
2
1
0
1
3
1
1
5
3
2
4
1
2
1
1
1
1
2
1
0
3
1
1
0
3
0
1
0
3
2
2
1
3
1
1
4
5
1
2
1
3
2
3
2
2
1
3
3
2
0
3
1
1
2
2
2
2
4
1
1
4
2
1
4
4
2
0
4
1
1
4
4
2
4
0
4
1
4
2
4
1
1
0
9
2
1
24
1
2
1
4
1
1
3
1
2
1
1
1
0
4
1
2
0
3
2
2
1
4
1
2
1
3
1
1
0
4
2
1
4
7
6
0
3
2
1
5
5
2
2
3
2
1
4
4
2
1
1
2
2
4
1
1
3
2
0
1
4
2
0
2
4
2
0
2
3
1
1
3
1
1
4
2
2
4
1
0
7
1
2
2
0
3
1
2
0
2
1
2
1
5
5
1
1
6
3
3
0
4
2
2
3
2
2
2
3
1
2
0
3
0
1
2
0
1
0
0
4
0
2
2
1
2
1
2
1
2
1
18
18
1
1
2
1
2
2
4
4
2
0
4
1
0
3
2
2
1
1
2
0
3
1
4
2
1
0
2
4
2
1
5
5
1
1
0
2
0
5
5
2
2
0
2
1
3
1
1
1
4
1
2
1
1
4
1
4
2
5
1
3
3
0
1
0
1
4
1
0
1
1
0
0
1
0
2
2
1
1
4
1
0
3
1
2
2
4
2
1
19
1
0
1
1
5
4
1
4
1
1
4
5
2
1
4
1
2
2
2
2
0
4
2
0
1
4
1
2
2
2
2
1
1
2
1
4
5
2
2
0
2
0
2
0
1
1
1
3
0
2
0
0
1
1
2
2
1
1
1
1
0
4
1
2
5
5
2
2
4
4
2
4
2
1
4
4
2
1
4
1
1
3
1
1
5
5
1
0
4
2
1
0
0
1
1
5
5
1
2
0
1
2
1
4
1
1
0
2
2
1
0
2
5
1
1
1
2
2
1
1
3
2
2
1
0
2
4
3
1
1
3
3
1
4
2
1
4
1
0
2
2
1
1
3
1
4
2
0
1
1
0
4
1
1
0
1
1
1
0
1
5
0
0
2
0
2
4
4
1
4
3
1
1
1
2
0
2
2
2
1
4
2
1
4
2
1
4
2
1
4
3
2
6
6
3
2
0
2
0
5
2
1
5
5
1
3
2
3
1
4
6
2
0
0
2
1
6
6
3
2
1
1
3
0
1
7
4
3
0
1
1
4
7
0
2
0
1
2
1
1
2
1
3
1
3
2
4
1
2
1
3
2
0
5
5
1
1
5
2
1
3
1
1
5
6
1
2
1
1
2
0
3
1
2
1
2
1
1
1
2
3
2
0
4
0
1
1
4
2
2
5
5
1
0
4
2
0
2
4
3
0
1
4
2
2
4
3
2
5
5
2
2
4
2
1
1
0
1
2
4
2
2
0
0
1
1
4
4
1
0
4
0
2
3
2
1
4
2
2
3
2
1
1
4
2
1
4
1
1
2
1
2
0
4
2
1
4
1
1
3
2
0
5
5
2
0
5
5
2
2
3
2
0
5
1
2
0
2
0
4
1
3
0
1
4
0
1
1
1
1
1
1
4
1
0
3
2
1
1
4
2
1
4
5
2
1
4
1
1
5
6
1
1
1
2
1
3
3
2
2
0
1
1
4
1
1
1
6
6
2
3
2
0
2
3
4
1
3
3
0
4
1
0
4
2
1
6
2
1
3
3
3
1
1
1
1
1
4
2
2
4
2
2
3
2
2
1
4
0
2
0
0
1
0
3
1
0
1
1
2
0
4
1
1
2
2
1
1
4
1
1
1
1
1
0
3
2
0
4
2
1
3
2
1
1
2
4
2
1
2
3
1
0
4
22
4
1
83
2
0
2
6
1
3
3
2
2
1
2
0
5
5
0
1
0
5
0
2
1
4
1
2
1
4
2
0
3
4
2
1
4
5
1
0
5
6
1
1
1
3
1
6
6
1
2
2
2
1
1
1
3
1
3
1
4
5
1
1
5
2
1
4
2
1
4
1
1
3
3
2
5
0
2
0
3
3
1
5
6
1
2
0
1
1
5
1
3
3
2
3
4
0
4
2
1
5
1
1
4
2
0
4
1
2
4
5
1
1
1
1
0
4
1
2
1
4
2
0
2
1
1
1
0
4
2
1
4
4
1
1
3
3
1
2
0
4
1
4
4
3
2
4
2
1
0
2
1
3
3
1
3
2
1
3
1
1
1
3
3
1
5
5
1
1
1
1
2
0
4
1
0
0
0
2
1
1
2
1
4
4
2
4
5
1
1
4
1
2
2
2
2
2
3
2
1
0
1
2
0
4
2
0
4
2
1
3
2
1
1
2
1
1
0
5
5
2
1
3
2
1
4
1
1
4
1
1
4
2
1
3
2
0
4
2
1
4
1
1
3
3
2
4
2
1
1
4
2
1
4
1
1
1
1
1
0


countEmpty = 1843	countFull = 26
