162
186
190
190
191
190
190
190
190
191
22
62
63
63
63
63
62
63
63
63
63
17
17
17
18
18
17
17
18
18
18
38
37
37
37
36
37
37
37
37
37
48
128
131
131
132
132
132
132
134
136
47
43
40
40
40
40
40
40
39
38
29
147
9
7
2
13
47
53
53
42
41
42
42
41
41
41
10
5
2
365
8
2
21
20
18
3
6
2
3
9
5
2
4
0
24
29
23
1
2
5
13
22
21
21
21
21
20
20
20
20
19
13
5
11
6
3
7
5
4
10
7
6
3
9
5
0
11
14
13
8
5
4
5
5
7
4
7
4
1
5
27
3
13
12
9
5
3
1
5
9
5
6
4
6
3
1
7
6
6
0
4
5
3
0
6
5
6
0
1
6
6
0
9
7
18
17
15
14
13
14
15
15
14
14
604
5
1
4
2
0
5
6
3
6
3
1
6
3
4
5
9
7
7
3
29
2
4
4
4
3
2
5
3
4
5
9
7
1
5
2
2
5
4
1
2
5
4
4
1
4
7
14
15
15
13
12
12
13
13
13
13
6
1
1
4
7
5
2
8
6
4
2
6
2
8
4
9
6
4
17
18
14
12
12
12
12
12
12
12
27
7
4
1
6
4
1
4
9
6
2
8
6
2
2
7
3
1
5
11
9
7
4
5
11
10
7
4
8
6
4
2
9
6
4
7
4
1
16
4
1
9
6
12
12
14
14
14
14
14
14
13
12
16
17
15
13
11
11
10
10
11
11
8
3
2
5
1
1
0
10
8
7
16
19
19
19
18
16
17
15
15
15
9
5
3
0
9
7
4
1
8
12
12
19
25
26
27
26
26
26
22
17
18
12
6
7
7
7
9
8
7
5
3
2
4
4
3
4
6
6
5
7
6
5
3
2
2
3
4
5
5
10
17
17
23
22
21
16
16
17
17
16
5
2
2
11
7
4
1
1
1
6
0
4
4
2
4
1
3
2
1
2
5
4
2
5
3
0
4
7
5
6
4
4
4
4
4
2
4
2
4
3
2
2
5
1
4
2
5
1
4
2
4
2
4
2
4
2
1
8
6
8
6
3
2
4
1
5
3
1
1
4
6
5
2
5
9
6
2
5
3
4
13
10
6
10
7
5
2
2
11
7
5
16
14
14
12
12
12
13
14
14
13
63
6
3
0
6
3
1
2
2
4
4
2
1
4
8
3
5
3
8
3
2
3
3
5
5
4
2
4
10
6
3
3
1
2
1
4
2
4
2
3
7
5
3
3
2
6
2
2
3
12
6
4
2
2
1
2
107
105
1
6
1
4
1
1
6
4
1
1
5
5
5
8
4
7
3
2
7
3
7
3
2
0
26
0
10
6
8
4
3
2
5
1
5
2
9
16
16
17
16
16
16
17
18
19
20
8
6
6
3
5
3
1
7
5
5
2
4
2
4
1
5
1
7
5
6
1
6
2
7
4
5
4
5
1
32
26
4
3
7
4
2
2
2
5
3
4
4
4
5
1
5
0
6
3
1
9
7
4
8
7
4
6
5
3
4
2
1
5
3
5
4
1
5
1
7
3
5
3
5
4
2
6
2
3
0
2
1
9
6
5
3
4
3
3
1
2
3
6
5
3
0
4
1
9
7
4
7
5
5
4
0
5
3
2
2
3
4
2
4
2
2
7
4
3
4
1
1
2
4
2
10
7
3
1
8
4
1
3
0
1
8
5
2
1
6
1
5
3
0
4
4
0
5
2
3
1
5
1
2
5
3
1
5
2
2
1
4
3
0
3
3
2
3
6
4
2
0
4
1
9
6
2
1
5
3
5
0
3
1
8
5
1
8
5
1
2
5
2
1
6
6
3
1
1
8
5
3
1
5
1
5
3
5
2
4
2
4
0
5
2
4
0
2
1
4
4
2
5
4
2
2
1
5
0
2
7
5
1
8
6
6
2
355
8
7
6
4
15
17
18
17
9
9
10
11
8
8
7
6
5
6
5
3
1
3
6
5
3
0
5
12
12
14
8
10
4
3
22
12
22
19
13
25
16
11
16
10
5
10
5
73
8
1
16
6
8
1
2
7
4
11
7
3
7
5
4
5
3
2
11
7
7
4
8
5
11
8
16
9
3
17
7
18
4
2
16
1
3
7
6
5
0
8
5
3
5
3
7
6
8
6
4
3
2
2
5
4
1
57
46
41
40
41
41
41
40
40
40
4
8
2
4
27
23
24
6
0
8
4
1
7
3
2
7
5
1
2
5
3
1
2
11
7
4
1
8
5
4
1
4
6
2
64
5
0
2
7
5
1
5
3
3
2
4
5
2
5
3
3
5
5
3
5
1
9
6
1
9
6
4
1
4
1
5
0
5
3
1
8
6
4
4
1
3
7
5
6
3
1
6
3
6
4
2
6
0
6
4
1
4
4
0
7
2
2
7
2
10
5
7
4
7
4
1
6
3
2
1
6
6
5
5
5
2
3
5
1
7
5
3
4
2
4
6
4
1
6
10
7
4
4
1
3
2
2
3
2
5
3
6
0
5
2
7
4
1
4
3
7
5
3
1
8
5
3
1
2
5
3
2
1
1
6
0
6
1
7
4
1
2
7
5
6
4
1
3
1
0
7
4
10
4
2
0
5
2
3
3
3
4
6
21
21
19
19
19
19
16
16
16
16
9
5
1
1
5
4
0
3
4
3
2
4
4
2
2
1
5
5
1
1
4
6
5
2
4
5
0
12
9
9
9
16
19
18
16
15
15
16
16
15
15
6
2
5
1
5
1
7
2
6
3
2
1
2
9
8
7
6
6
7
5
4
5
4
2
1
7
4
3
5
6
22
22
23
23
21
21
20
17
13
13
46
8
5
3
4
4
1
3
1
6
4
2
2
5
1
1
1
8
6
1
2
6
3
1
4
2
2
0
9
3
8
6
3
1
1
5
0
6
4
3
5
3
0
9
4
2
6
5
3
7
5
5
0
8
5
9
6
3
23
21
9
7
4
1
1
1
20
16
15
11
12
12
12
13
12
12
6
3
0
9
7
1
5
0
3
1
8
6
5
3
1
2
1
9
6
12
14
12
11
11
11
12
12
12
11
13
13
11
10
10
9
9
9
10
10
13
13
12
10
9
9
9
10
10
10
11
10
9
7
7
7
7
7
7
7
4
7
6
4
7
6
4
3
4
5
2
1
1
1
2
9
7
3
2
9
7
8
6
6
3
3
2
7
9
8
5
2
4
10
8
4
5
3
1
15
15
14
12
12
13
13
13
13
13
18
18
16
13
11
12
12
12
12
13
11
6
4
7
7
6
5
1
5
3
1
11
7
6
0
2
3
12
6
4
6
3
0
9
6
4
6
5
2
2
1
9
7
5
3
1
11
8
4
7
5
3
2
11
6
5
4
1
8
5
2
0
1
5
1
9
10
8
5
4
4
5
5
5
4
4
5
1
5
0
9
6
3
3
1
1
5
3
1
9
5
2
6
4
1
5
3
3
9
6
4
6
5
2
2
0
18
15
14
14
15
14
15
15
16
16
19
12
13
13
13
13
13
14
15
15
43
9
6
3
5
3
1
2
4
15
11
10
1
1
26
19
19
15
15
15
15
15
15
16
22
21
19
16
15
14
14
15
16
16
23
22
20
17
15
15
14
16
18
19
43
44
41
40
37
37
36
36
36
37
14
6
4
1
5
3
1
3
1
4
14
14
12
10
9
9
10
10
10
9
2
10
7
4
6
3
1
11
8
5
4
4
2
6
6
5
3
2
0
1
12
8
9
9
9
9
9
9
9
9
4
11
6
9
6
5
9
9
6
2
1
10
8
5
1
1
10
9
6
2
5
3
6
5
9
6
4
1
1
2
8
5
4
6
4
4
3
1
1
5
12
9
7
5
3
4
4
7
3
2
2
8
4
2
6
4
1
0
10
6
2
7
5
0
2
3
8
6
4
6
3
2
8
6
3
15
16
14
12
11
12
12
12
12
11
123
5
3
1
2
11
5
4
6
3
2
21
21
18
15
13
13
12
13
13
13
17
18
19
18
15
15
15
14
14
15
15
14
6
5
1
1
7
3
1
11
4
1
5
3
7
13
1
11
6
9
6
18
14
18
10
5
3
8
15
4
1
9
11
16
9
5
2
3
56
42
38
29
28
28
28
28
27
28
50
22
19
16
12
8
2
2
6
7
7
28
34
34
33
32
32
32
32
33
36
6
4
5
1
1068
6
4
1
6
4
2
6
6
2
5
4
2
1
1
5
2
5
2
5
2
19
9
7
4
5
4
6
4
3
2
4
1
7
4
2
1
1
1
2
5
1
10
8
1
11
8
6
0
5
4
2
2
1
9
6
4
7
5
4
9
6
10
5
2
3
1
5
2
1
4
4
5
2
4
3
0
1
4
4
7
4
2
8
5
2
8
3
3
2
8
4
8
4
2
7
5
3
2
19
7
4
2
5
13
8
3
1
2
0
6
3
6
1
6
2
5
3
0
8
6
3
6
3
0
4
2
2
8
5
3
7
4
1
3
6
3
6
4
1
2


countEmpty = 1538	countFull = 45
