160
202
215
223
223
226
235
234
235
235
28
29
16
17
17
6
55
59
58
56
50
50
51
50
50
50
7
8
8
7
8
8
8
9
8
15
12
8
8
8
8
8
8
10
12
5
5
6
8
9
11
10
10
11
12
13
15
16
17
15
15
14
15
14
13
12
12
12
16
15
14
15
13
11
11
12
12
4
3
4
5
5
5
6
5
6
7
11
10
10
9
10
10
10
11
12
6
6
8
8
9
10
11
12
14
16
15
13
14
13
11
11
13
12
8
7
7
9
8
9
8
9
11
12
12
13
19
18
16
15
13
12
11
10
9
7
7
7
7
8
7
7
7
8
8
9
9
6
7
7
7
7
8
7
7
33
1
5
7
10
9
11
13
14
15
17
21
21
13
12
20
24
22
20
20
18
14
9
10
12
6
5
7
12
12
11
12
11
12
11
11
10
12
10
9
9
10
19
23
22
21
21
20
14
8
9
9
50
18
18
8
5
4
5
4
4
1
1
1
4
2
1
2
4
1
0
4
1
1
5
5
3
2
4
2
1
0
0
1
1
2
1
0
2
0
3
1
1
5
1
1
4
1
1
4
1
1
1
4
1
1
0
4
1
2
1
3
1
4
1
5
1
1
2
4
1
1
4
2
1
2
2
2
2
4
1
2
2
0
2
2
1
5
1
1
4
5
2
1
4
2
1
4
1
1
2
4
1
0
4
6
1
1
5
2
1
4
4
2
1
4
2
1
4
1
1
1
4
1
2
1
5
1
1
1
4
3
3
5
3
1
1
2
1
0
2
2
0
4
3
2
4
2
1
0
2
1
1
4
2
1
4
2
2
5
1
8
5
2
0
5
5
2
8
8
1
2
0
5
1
0
1
4
2
0
4
2
1
4
2
1
4
1
1
2
1
1
0
5
5
1
2
1
2
1
2
1
2
1
4
5
0
2
0
1
0
4
1
1
4
1
0
4
3
1
2
7
2
3
3
17
19
17
15
10
9
10
10
11
12
4
8
8
7
5
2
5
3
2
2
3
3
2
0
2
2
1
3
1
1
3
3
2
2
0
2
3
0
1
2
1
2
0
2
1
2
0
2
2
1
2
1
1
1
2
3
1
3
2
2
1
2
3
1
2
0
2
2
0
1
2
1
2
2
1
2
2
0
1
1
2
2
1
4
2
2
1
2
3
1
2
1
1
2
2
3
1
3
2
2
1
3
3
2
3
1
2
1
2
2
1
3
0
1
1
3
1
1
2
1
2
1
2
1
1
3
1
1
2
1
2
0
3
1
2
0
1
0
4
1
2
1
1
1
3
0
1
2
0
5
2
1
2
0
1
1
1
4
2
1
3
1
0
5
5
2
0
4
1
1
5
5
3
0
3
2
2
1
5
5
2
1
4
2
1
5
5
3
1
5
1
1
5
5
1
1
4
2
0
3
2
0
3
2
0
4
2
0
4
2
0
4
1
1
4
5
2
1
4
1
1
4
4
2
1
4
1
2
1
5
2
1
3
1
6
4
2
1
1
3
2
2
3
1
1
2
1
4
1
1
4
1
1
6
6
2
4
3
1
2
1
0
2
1
5
1
1
0
1
3
2
9
2
2
5
0
2
0
1
3
1
2
2
1
4
2
1
1
3
3
0
4
2
2
1
2
2
1
2
0
2
1
2
4
1
3
2
2
1
3
3
1
3
1
2
1
3
3
1
2
0
1
1
2
3
1
2
0
1
3
2
2
9
9
13
13
13
13
12
8
8
9
12
12
5
4
3
3
2
1
2
2
2
1
0
1
4
1
1
4
1
2
2
1
1
0
2
4
4
2
4
1
0
2
1
2
0
2
3
2
1
1
2
2
2
4
1
1
5
2
1
1
1
3
6
5
1
5
3
0
1
1
2
4
2
2
1
3
0
5
2
2
5
5
2
2
4
3
1
1
1
0
2
4
1
1
4
2
2
1
0
3
1
1
2
3
5
4
2
1
0
2
5
5
2
1
2
3
4
4
3
0
4
2
1
5
2
1
2
2
1
2
0
1
2
1
6
6
2
1
4
1
2
2
1
3
5
2
1
4
1
2
5
1
0
2
2
3
0
6
2
1
4
1
1
5
1
4
2
1
3
6
6
2
0
5
3
3
0
2
1
2
2
2
2
3
4
4
2
3
0
3
1
2
1
2
1
4
2
3
1
2
2
1
0
1
1
2
0
1
2
1
2
3
1
2
1
2
1
2
1
1
1
3
5
2
2
4
5
2
2
4
4
3
2
1
4
3
2
0
0
2
1
1
0
1
2
1
5
2
1
1
1
0
1
1
1
2
0
2
1
4
1
1
3
0
4
2
1
8
4
2
2
0
1
3
1
2
4
3
1
2
4
3
2
2
2
3
3
5
1
2
2
5
1
2
3
5
1
3
3
5
1
2
2
5
1
2
3
5
1
2
3
4
0
2
3
5
2
0
2
2
1
3
3
5
1
1
5
5
1
4
2
5
2
0
1
1
1
1
0
2
1
1
3
1
0
2
5
2
0
3
2
3
2
4
2
1
1
1
4
3
1
2
1
2
5
2
0
2
1
3
0
0
2
1
6
6
2
1
1
3
5
5
3
1
4
2
2
1
1
2
1
0
2
4
5
3
0
2
1
2
1
5
2
1
4
1
0
5
0
1
2
5
2
1
4
1
0
2
1
1
4
5
1
5
2
0
3
1
1
2
0
1
0
3
5
2
0
4
2
3
2
1
1
0
0
1
0
2
5
1
3
0
2
1
3
0
2
1
3
1
2
2
1
8
3
2
2
0
2
3
1
2
0
3
3
5
0
3
3
6
1
2
0
2
1
0
1
0
2
0
3
2
1
1
2
2
1
4
1
1
0
4
1
1
3
1
2
2
1
2
1
0
2
1
5
5
2
2
2
1
2
3
1
1
4
6
1
0
5
1
0
3
5
2
2
5
1
1
1
2
1
0
2
2
1
5
5
1
0
5
2
1
4
3
1
2
1
1
2
1
1
4
5
2
2
4
1
2
2
3
4
2
4
2
1
2
0
1
1
4
2
2
4
5
5
5
1
2
1
3
2
4
2
3
1
0
3
1
1
1
2
0
2
1
2
1
1
1
2
0
1
0
2
1
2
2
4
6
3
1
1
1
0
2
4
2
0
2
1
2
0
4
2
1
5
1
1
1
1
2
1
1
3
2
4
4
3
2
4
2
2
4
4
1
2
5
2
2
5
5
1
2
2
1
3
2
1
1
1
2
2
2
0
1
2
1
2
1
5
2
2
1
1
0
1
2
5
6
1
1
3
0
1
5
1
1
5
2
1
1
2
2
1
1
1
3
1
12
12
1
0
1
5
1
1
5
2
1
2
1
1
6
5
3
3
4
2
1
4
1
1
5
0
0
2
2
3
5
5
1
1
5
2
1
5
5
2
1
2
1
0
3
4
2
1
2
1
1
2
1
1
1
2
5
1
1
5
1
0
4
2
1
2
2
1
2
0
5
3
1
2
1
4
2
1
2
0
3
3
1
2
5
0
5
5
1
0
3
5
3
2
0
3
2
4
1
3
3
2
5
5
3
2
1
2
0
1
4
2
3
8
11
9
8
9
11
13
13
15
17
11
11
12
12
14
15
14
17
16
14
13
14
15
16
16
18
11
10
11
12
14
16
17
15
8
8
9
10
10
9
3
2
2
3
3
3
4
5
5
6
8
11
13
12
13
13
12
14
14
11
10
6
5
5
6
7
6
6
4
5
7
9
11
9
9
10
10
9
9
11
11
14
15
14
14
16
16
14
13
14
15
14
13
12
6
7
7
8
9
9
10
11
12
14
15
15
18
18
15
14
13
10
10
11
10
5
6
7
8
10
12
12
10
9
10
12
14
14
14
8
8
9
10
11
11
12
12
12
13
13
15
14
14
14
13
12
12
13
11
5
5
5
4
5
6
7
10
11
10
11
12
13
12
11
11
12
8
8
10
12
14
16
15
14
16
15
14
13
13
13
8
8
10
13
16
15
14
14
16
16
16
16
14
7
8
10
12
13
12
13
13
13
15
18
15
10
10
11
13
12
13
14
10
9
10
11
12
12
11
12
13
11
10
10
10
10
10
11
10
13
12
12
14
15
18
17
17
16
11
10
11
12
15
9
10
13
13
13
13
14
14
16
16
16
10
10
11
13
16
16
15
14
13
13
12
13
11
7
8
11
15
15
13
12
11
12
15
17
14
8
10
11
15
16
15
14
17
23
22
22
20
13
12
12
12
12
7
5
3
27
15
1
4
1
2
9
6
3
15
11
10
10
10
9
9
10
10
11
2
1
8
6
2
2
6
3
7
5
4
2
10
1
3
1
5
2
3
1
4
1
3
1
6
0
4
0
4
1
4
2
6
2
4
1
5
1
3
2
5
17
9
7
2
5
9
3
1
9
2
2
3
8
1
4
4
8
2
3
2
7
1
2
4
7
3
3
2
7
2
3
3
2
11
3
9
0
1
5
3
2
6
2
2
10
0
6
2
1
6
3
8
4
0
2
3
1
6
5


countEmpty = 1469	countFull = 117
