4998
5040
5043
5044
5044
5044
5043
5044
5044
5044
35
9
6
6
6
6
7
6
6
6
6
7
8
7
7
8
8
8
7
7
8
6
5
6
6
6
6
6
6
6
6
0
1
2
3
3
2
1
1
2
6
5
6
6
6
6
13
16
16
10
7
6
6
6
7
8
2
3
3
4
3
4
4
4
5
3
8
10
5
6
6
6
6
6
7
6
2
2
1
0
1
0
1
2
3
6
7
7
5
82
105
110
115
116
121
126
132
138
144
73
56
55
55
56
55
55
55
54
54
54
55
54
54
55
55
55
55
55
55
55
56
55
55
55
55
55
52
54
54
53
48
43
37
31
26
20
16
10
5
11
13
16
21
27
32
38
44
45
46
41
35
30
25
27
22
16
11
9
4
4
4
4
3
7
5
2
2
2
2
2
5
4
0
1
3
3
2
2
5
3
3
6
1
2
5
2
0
0
2
3
4
5
5
2
0
3
4
5
5
5
5
5
4
5
4
4
5
4
7
7
5
5
5
4
5
5
4
4
5
4
5
5
4
5
5
4
4
4
5
5
6
5
5
5
5
5
4
5
5
4
4
5
5
4
5
5
4
2
2
5
5
5
4
4
4
5
5
4
4
3
3
5
4
5
5
4
5
5
5
5
5
4
4
4
4
4
5
4
5
5
5
4
4
5
5
4
5
5
4
5
4
4
4
5
5
4
4
5
5
4
4
5
5
1
4
5
5
4
4
4
5
4
4
4
4
4
5
5
4
5
5
4
5
5
4
4
5
4
4
5
4
4
5
5
4
5
5
4
4
5
5
4
4
5
5
4
4
5
5
4
5
5
4
5
5
4
5
5
4
4
4
5
5
5
4
5
5
12
5
5
124
10
16
19
24
29
35
40
46
52
56
56
50
46
41
35
34
30
24
19
13
8
6
0
1
0
3
1
0
2
1
3
1
0
2
1
3
2
1
2
1
3
1
5
2
1
3
1
5
2
1
2
1
5
2
1
2
1
4
2
2
2
1
5
2
1
3
1
1
2
1
2
1
5
2
1
2
1
0
2
1
2
0
4
2
1
3
1
1
2
1
2
1
1
1
1
3
1
5
3
1
5
2
1
3
1
0
2
1
2
1
4
2
1
2
2
5
2
1
2
1
9
4
1
0
3
1
2
1
0
2
1
4
2
6
1
1
0
2
2
1
1
3
1
2
0
1
1
3
1
4
2
1
2
0
5
3
1
3
8
12
19
24
29
35
41
46
52
58
57
57
56
58
57
57
57
57
57
57
58
58
56
57
57
56
56
56
56
55
55
55
55
55
56
55
55
55
56
56
56
56
56
56
56
56
56
56
58
58
58
58
58
58
59
59
59
57
57
56
56
56
56
56
56
56
56
56
56
56
56
56
56
56
56
56
56
57
57
57
57
56
56
56
56
54
50
44
39
33
27
22
16
11
5
18
20
23
29
34
40
45
52
69
71
59
53
47
42
36
31
24
5
1
6
4
1
5
2
7
7
5
5
6
6
5
5
5
5
2
3
1
1
2
7
7
6
5
5
5
5
6
5
5
4
1
5
2
1
2
1
14
4
4
1
5
2
2
4
2
4
18
21
25
28
33
39
44
50
56
61
58
56
56
55
55
56
55
55
55
55
54
54
54
55
55
54
55
55
55
56
56
56
55
55
55
56
55
55
55
51
48
45
40
34
28
22
17
11
5
5
4
1
6
5
2
1
2
1
2
1
2
2
1
2
1
2
1
2
3
1
3
2
2
1
2
3
1
4
2
2
1
2
2
1
2
1
1
1
3
2
1
3
2
2
1
2
12
2
3
1
2
1
2
2
1
3
2
2
1
3
2
1
3
2
1
1
3
3
1
2
1
2
0
2
2
1
3
0
1
1
2
2
1
4
2
2
1
3
3
1
3
1
1
1
3
2
0
2
1
2
0
3
2
1
2
0
2
1
2
1
1
4
2
2
1
2
3
1
2
1
2
1
3
3
1
2
1
1
1
2
3
1
2
1
2
2
6
3
11
12
9
8
8
8
7
7
7
8
11
3
2
3
3
1
3
3
2
6
4
1
2
3
1
2
1
3
0
1
0
2
0
1
1
2
1
1
1
2
0
2
1
2
1
1
1
1
1
1
5
2
1
2
1
1
0
2
5
2
3
2
2
2
0
1
3
1
0
2
5
1
1
2
1
2
0
2
5
2
0
2
1
1
1
8
6
2
0
1
0
2
1
2
0
1
1
2
6
2
1
2
1
2
1
4
2
2
0
2
4
1
3
2
2
1
1
2
1
2
0
2
0
2
0
1
2
2
0
5
3
1
0
1
5
1
1
1
0
2
1
2
1
2
0
1
0
1
1
2
1
1
3
1
3
2
1
2
1
2
1
2
0
2
1
1
0
2
0
1
0
2
0
1
0
1
1
2
0
2
0
1
3
2
4
2
2
1
4
2
3
2
1
1
0
2
0
3
2
2
1
1
0
2
0
1
3
1
0
2
5
1
1
2
5
1
0
2
5
2
1
1
0
2
1
1
1
2
1
2
1
2
3
2
2
2
0
2
5
1
1
1
0
1
1
2
5
2
1
2
5
1
0
2
5
2
0
2
1
2
0
1
2
2
0
1
1
1
1
3
2
2
1
2
5
2
0
1
0
2
0
1
5
2
0
1
5
2
0
8
6
2
1
2
0
2
0
2
4
2
0
2
0
2
0
2
5
2
1
7
6
2
0
2
1
2
0
2
1
2
0
2
1
2
0
2
1
1
0
2
0
2
0
2
5
2
1
2
0
2
1
2
0
2
0
2
1
2
0
1
5
2
1
1
5
2
1
2
4
1
2
1
3
2
0
1
0
2
1
2
5
2
1
2
0
2
1
2
1
2
1
2
0
2
2
1
3
2
3
1
3
1
3
0
2
2
3
0
2
2
3
1
3
2
3
2
2
2
0
1
1
2
3
2
2
2
1
2
1
2
0
2
0
1
0
1
1
2
3
1
3
2
0
2
1
1
1
2
5
2
1
2
4
2
3
2
2
1
1
2
0
2
2
2
3
1
1
3
2
2
1
2
1
1
1
3
2
2
0
2
0
2
0
2
1
1
4
2
3
1
3
2
2
2
0
2
0
2
0
2
1
2
0
1
0
2
0
2
1
2
3
2
2
1
0
2
0
2
0
1
1
2
0
2
1
1
2
2
5
1
4
2
3
2
3
2
3
2
3
2
2
2
3
2
2
1
1
1
1
2
0
1
5
2
4
2
3
2
0
2
1
1
1
2
1
1
1
2
5
2
1
2
0
1
1
2
0
2
3
1
2
2
0
1
2
2
0
1
5
2
0
2
1
1
3
2
3
2
1
1
1
2
0
1
2
2
4
2
2
1
1
2
0
2
3
2
5
1
1
2
1
2
1
1
1
2
1
2
1
2
0
2
5
2
1
1
0
2
3
2
2
2
0
1
5
2
0
1
0
1
3
1
3
2
0
1
1
12
12
10
8
8
8
8
8
8
8
3
12
11
14
10
9
3
2
6
4
4
3
1
0
3
0
2
0
2
0
2
1
2
0
2
5
2
3
1
2
2
0
2
1
1
1
1
5
2
0
2
0
2
3
0
3
2
1
2
1
2
1
2
1
1
2
1
3
2
3
0
2
1
1
2
0
1
1
1
3
1
0
1
0
1
3
2
3
1
1
1
0
2
0
1
5
2
1
2
0
2
0
2
1
1
0
2
5
1
0
2
0
2
1
2
0
2
0
1
5
2
0
2
5
2
0
2
0
1
0
2
5
2
0
3
2
1
1
2
0
1
0
1
5
2
1
2
4
1
2
1
3
2
0
2
1
1
1
2
0
1
1
1
1
2
0
2
1
2
0
1
1
2
3
1
3
2
0
1
0
1
4
2
2
1
0
2
1
2
0
2
0
1
0
2
5
2
3
2
2
1
1
2
1
2
0
2
1
2
0
2
0
1
1
1
1
2
1
2
1
2
0
2
0
1
4
2
2
11
8
9
7
7
7
7
7
7
8
1
4
3
1
1
1
2
1
2
1
1
2
1
1
1
1
1
1
3
2
2
1
0
2
1
2
1
2
0
12
9
9
7
7
7
7
8
7
7
1
13
11
9
6
7
7
7
7
7
6
3
7
10
8
5
5
4
3
2
0
1
3
1
1
1
3
2
1
2
0
2
0
0
2
2
4
2
3
2
0
0
2
1
3
1
3
2
0
1
3
1
3
0
2
2
0
1
0
2
0
1
1
2
3
2
3
2
0
1
0
1
9
6
1
1
1
2
1
1
4
2
2
2
1
1
0
2
1
2
0
1
0
2
1
1
1
1
1
2
1
2
0
2
0
1
3
2
0
1
4
1
1
2
1
2
1
1
1
2
1
2
1
2
0
1
0
1
1
1
3
2
4
2
3
2
0
2
1
2
3
1
3
2
1
1
0
2
0
1
1
2
0
1
3
2
0
1
3
2
0
2
1
1
0
2
0
2
0
1
3
2
0
1
3
2
1
2
1
1
0
1
0
2
2
5
0
2


countEmpty = 1578	countFull = 210
