134
183
183
184
183
184
185
185
185
185
10
12
13
14
17
22
22
22
23
23
12
20
23
24
14
11
11
12
11
11
12
6
8
14
18
17
19
21
23
24
26
22
20
13
15
15
16
16
14
15
13
15
15
15
15
15
14
15
13
15
10
13
11
17
21
21
20
23
24
24
25
25
25
20
19
26
25
24
24
22
23
18
18
15
16
11
11
14
14
15
15
15
15
19
18
19
12
13
15
15
16
17
11
14
20
24
23
22
23
29
31
30
25
22
17
17
17
17
18
9
9
13
13
14
14
17
17
16
17
22
23
17
17
18
24
22
22
23
24
18
19
19
19
18
14
17
15
15
14
14
13
13
20
27
20
20
15
16
17
18
20
21
12
13
11
15
15
15
15
16
15
15
15
16
9
10
10
14
14
14
12
13
17
16
16
15
10
10
11
12
16
17
20
23
21
21
22
31
35
35
29
25
18
17
15
17
21
11
11
11
12
14
15
15
26
56
53
52
53
52
58
58
59
60
44
11
5
6
7
6
7
5
2
5
1
6
4
2
3
2
3
1
4
3
0
6
2
2
3
2
0
3
0
2
0
1
1
1
1
2
2
1
0
4
1
0
2
2
1
8
7
1
2
1
1
2
0
4
1
1
5
5
2
1
4
1
1
1
1
3
1
0
0
3
0
0
1
1
4
3
1
4
3
3
2
3
2
1
4
1
0
4
1
1
5
5
2
1
0
1
1
0
1
2
1
1
1
4
5
2
0
4
2
2
4
1
0
4
2
1
1
1
1
0
0
1
1
0
4
1
1
4
1
0
4
1
1
3
1
0
4
2
1
4
1
1
5
5
1
1
4
1
1
1
2
2
0
0
1
4
1
1
1
5
0
3
2
1
4
1
1
4
2
1
4
2
0
4
6
1
1
1
4
1
1
4
2
0
4
1
2
0
1
1
1
0
2
0
3
1
1
4
2
1
1
2
1
1
2
0
1
2
1
5
2
1
0
4
1
0
6
1
1
2
2
2
4
2
1
4
2
0
1
1
1
1
2
2
0
0
2
0
3
1
1
4
1
1
3
1
2
5
1
1
4
2
1
4
0
1
4
1
1
1
2
0
2
2
1
1
2
1
1
4
1
2
1
1
6
9
5
3
3
3
4
0
3
3
0
4
2
1
3
2
2
1
3
0
2
1
2
1
5
5
2
0
3
1
0
4
10
1
4
1
0
4
1
2
4
1
1
1
3
1
1
2
3
1
4
1
2
4
3
1
4
1
1
1
1
2
5
1
2
0
3
0
5
5
2
0
3
1
2
1
1
1
3
0
2
0
4
5
1
2
1
1
4
2
2
1
1
2
2
0
2
0
2
0
1
3
2
1
2
0
0
4
2
1
5
1
2
1
7
6
3
0
1
0
1
3
1
4
1
0
1
3
2
1
3
1
1
1
3
1
4
5
3
1
4
2
1
4
2
2
0
1
0
4
5
1
1
1
2
0
5
5
1
1
4
2
1
4
1
0
5
1
1
4
2
1
4
2
0
5
2
1
4
1
0
4
4
1
1
3
2
2
1
3
2
6
6
2
1
1
3
3
3
7
4
2
2
3
4
5
6
8
15
14
14
14
15
14
14
12
12
6
5
1
2
0
3
0
3
0
1
0
2
0
1
1
2
0
1
1
1
0
2
1
4
1
2
1
4
2
1
1
5
2
2
1
1
2
1
1
2
4
1
4
1
1
4
1
1
1
2
1
0
2
1
5
6
1
4
2
2
5
2
0
4
1
3
0
1
0
1
1
5
5
2
0
4
1
3
2
2
0
2
0
1
1
1
0
2
1
3
2
2
2
0
4
2
1
3
1
0
4
1
2
2
1
1
2
1
1
0
3
3
1
2
0
2
6
2
1
1
5
0
4
1
1
4
1
0
4
2
0
4
1
1
4
1
1
4
1
1
1
1
1
4
1
1
4
2
1
4
1
0
4
1
1
4
1
2
4
3
2
4
1
2
1
1
1
2
1
1
4
4
1
1
4
2
0
4
2
1
4
2
1
0
1
0
5
5
1
1
2
1
0
4
1
1
4
1
1
4
1
0
3
2
0
1
2
0
2
2
1
1
0
2
1
4
1
1
4
2
0
3
2
2
4
4
1
4
1
0
4
2
1
4
1
1
3
1
2
0
1
1
2
1
2
1
1
1
0
32
28
1
1
0
5
1
1
1
2
0
1
1
2
2
1
3
2
0
2
1
2
1
2
2
0
1
0
2
1
3
1
1
1
1
2
1
5
5
3
3
1
2
2
0
2
1
1
4
3
0
4
1
2
0
1
0
4
5
1
3
0
3
2
2
0
1
1
5
5
3
2
0
3
1
2
0
2
1
2
1
2
1
5
5
1
1
4
1
1
5
1
1
4
2
1
2
3
1
1
4
1
1
1
2
1
2
0
2
2
1
2
2
4
2
1
3
2
0
3
2
1
5
6
2
0
0
1
2
1
3
1
2
1
3
0
5
6
3
2
4
2
1
5
2
0
1
3
1
5
6
2
1
4
1
1
1
1
1
4
4
1
1
5
2
0
4
1
0
4
2
0
5
2
1
1
1
0
3
3
1
2
1
1
1
0
0
2
0
3
1
1
0
1
0
2
3
0
2
1
1
1
1
1
1
1
4
0
1
0
1
1
4
4
1
1
4
2
0
4
1
2
4
1
1
4
2
1
3
2
1
4
0
4
5
1
2
0
2
1
4
5
2
1
4
2
0
4
2
0
4
1
0
4
2
0
4
2
0
0
1
1
19
1
0
3
1
0
1
1
1
1
3
0
2
1
2
1
4
1
1
4
2
0
5
5
4
3
4
2
1
4
3
0
4
1
1
4
2
0
4
2
0
4
1
1
5
1
1
1
1
5
1
3
2
0
4
2
1
4
2
0
3
1
1
4
2
1
4
2
1
4
1
0
3
2
2
1
1
1
5
5
1
0
1
1
1
1
1
4
5
1
0
3
2
1
4
2
0
4
3
2
4
1
0
4
1
1
4
2
2
0
2
1
0
1
1
1
0
2
1
0
1
1
1
4
2
0
3
2
1
4
1
0
4
1
1
2
1
1
1
0
2
1
2
0
2
1
5
5
2
4
2
1
10
6
6
2
1
0
4
4
1
1
4
1
0
1
2
1
0
1
0
4
4
4
2
1
2
1
1
1
1
0
7
1
0
12
2
2
0
3
2
0
1
0
2
1
5
1
2
1
1
1
2
1
2
0
5
6
1
2
1
2
1
1
3
0
1
1
5
3
2
1
3
0
1
1
3
1
1
2
2
0
5
1
2
0
2
1
3
1
1
4
0
1
2
0
2
0
2
0
2
0
4
1
1
0
3
1
2
1
3
1
2
1
4
1
1
1
1
1
5
5
1
1
4
2
1
4
1
0
4
1
1
4
2
1
4
3
1
4
3
1
0
1
1
1
4
2
0
4
2
2
4
2
0
4
2
0
5
1
1
5
2
0
4
2
1
1
2
1
0
1
1
1
0
2
1
3
3
1
0
4
1
1
4
1
1
4
1
1
1
1
1
0
0
2
1
5
5
2
2
3
2
0
2
4
3
2
1
5
4
3
3
1
1
0
2
1
8
7
1
4
2
1
4
2
2
1
2
1
2
1
2
1
2
1
2
1
2
1
3
4
3
1
2
0
1
0
2
0
1
0
1
1
2
2
0
4
2
1
4
3
2
5
1
2
4
2
1
3
1
2
1
1
1
1
0
2
0
3
1
0
4
2
1
3
2
1
1
1
0
4
1
1
3
1
1
3
2
1
4
2
1
1
0
2
2
5
1
2
1
1
2
2
1
4
2
0
4
2
2
1
3
2
5
5
2
0
4
1
1
0
3
1
1
1
2
0
2
2
0
0
1
1
1
4
2
1
0
2
1
0
5
3
1
0
4
1
0
1
4
3
1
1
1
1
4
1
0
3
1
1
3
2
2
4
2
1
4
2
1
1
1
2
1
1
1
5
0
4
2
0
4
2
1
4
1
1
1
0
3
1
0
1
0
2
0
1
0
3
3
0
1
2
1
1
1
4
5
1
1
4
1
0
3
2
1
5
5
3
0
4
1
0
2
1
2
1
3
3
2
0
4
1
1
4
3
0
3
2
1
2
3
2
1
3
2
1
0
0
2
1
1
1
2
0
1
1
1
4
1
1
3
1
1
4
1
1
1
1
3
1
4
2
1
3
2
1
4
1
3
3
1
2
0
2
1
5
5
1
1
0
1
5
1
4
1
0
3
2
0
4
1
1
3
1
1
1
2
1
1
1
0
2
2
1
2
0
2
1
1
0
1
1
2
1
4
4
1
1
3
1
1
4
2
1
2
3
0
1
3
2
1
0
0
0
1
1
1
1
2
1
1
2
0
2
1
2
2
1
2
1
1
4
2
1
0
1
2
1
3
1
1
2
1
1
4
1
1
1
2
0
4
5
3
0
4
1
1
4
2
1
4
1
0
4
1
1
4
2
1
1
4
5
2
1
3
2
0
3
3
3
1
1


countEmpty = 1754	countFull = 46
