172
215
218
220
221
224
226
228
230
231
10
11
13
28
30
31
33
35
37
37
41
7
7
16
22
27
32
37
40
43
49
52
46
12
17
19
21
27
30
34
38
37
41
6
7
11
14
18
22
25
29
33
35
39
6
8
13
14
18
28
35
44
51
61
65
4
14
17
27
25
34
41
48
55
61
67
6
4
9
17
20
27
39
46
53
58
65
61
66
55
67
19
19
25
33
42
49
56
63
71
3
3
5
7
10
13
3
2
2
0
8
16
10
7
7
10
10
13
20
27
37
43
49
39
43
48
52
55
60
5
6
6
13
24
29
35
37
41
44
48
39
41
44
9
11
7
12
14
23
27
35
38
39
43
39
44
45
50
42
46
33
39
43
46
7
12
19
23
29
30
34
42
52
57
55
18
24
33
40
45
50
56
48
52
58
58
4
1
3
2
3
10
16
21
26
32
38
44
49
55
56
57
56
55
56
53
55
54
54
53
53
48
53
46
50
55
52
52
52
52
52
52
51
52
51
52
51
52
51
52
51
52
51
52
51
52
51
52
51
52
51
52
51
52
51
52
51
52
51
52
51
52
51
52
51
52
51
52
52
51
51
51
52
51
52
51
52
51
51
51
51
51
51
51
51
52
52
53
52
53
53
53
53
53
52
52
51
51
51
51
51
51
51
51
51
51
51
55
56
55
56
55
56
55
56
55
56
51
52
51
51
51
51
51
51
51
51
52
51
52
51
52
51
51
51
51
51
51
51
52
53
52
52
52
52
52
52
52
51
52
51
52
51
52
51
52
51
51
51
51
51
51
52
51
52
51
51
51
51
51
51
51
51
51
52
52
52
52
51
52
51
52
51
51
51
51
51
52
51
52
51
52
51
52
51
52
51
52
51
52
51
52
51
52
52
52
52
52
51
51
52
51
51
51
51
51
52
51
52
51
52
51
51
51
51
51
51
52
51
52
51
52
51
51
51
51
51
51
52
51
52
51
52
51
51
51
51
51
51
51
51
52
51
52
52
53
54
53
54
53
54
53
54
51
52
51
52
51
51
51
51
51
51
52
51
52
51
52
51
51
51
52
52
53
52
53
54
54
55
55
55
55
55
55
55
54
55
54
55
55
55
54
54
55
55
55
54
60
60
60
60
60
60
61
61
61
55
55
55
55
55
54
54
54
55
55
54
54
55
55
55
54
54
54
55
55
55
54
54
55
55
55
55
54
55
55
54
52
52
53
53
53
53
53
54
53
55
55
54
55
54
54
54
55
55
54
54
55
54
54
54
54
54
55
55
55
55
55
55
55
54
54
55
55
55
54
54
54
55
54
54
54
54
53
54
54
53
54
54
53
53
54
54
54
54
54
54
55
54
54
54
54
50
46
41
37
34
30
25
21
10
10
11
9
5
8
4
4
3
5
6
10
12
14
23
31
34
39
43
29
33
36
40
44
7
26
34
44
46
49
52
55
58
61
10
16
20
24
50
57
140
150
156
162
5
9
12
13
16
20
27
35
39
46
53
7
17
27
33
44
49
53
56
60
63
60
34
36
45
8
5
7
12
16
25
33
35
47
57
33
36
38
44
48
50
43
45
4
3
3
3
3
5
11
14
17
20
23
25
28
31
34
9
16
18
21
28
34
39
45
52
59
6
2
7
14
23
28
32
36
38
44
47
50
45
10
9
13
18
22
29
36
43
49
56
55
61
7
16
21
25
29
33
35
39
43
45
40
7
10
14
17
21
23
27
30
34
37
7
11
13
17
21
24
28
32
35
39
8
10
14
18
21
25
29
32
35
38
14
15
17
19
21
22
24
26
28
30
19
5
10
18
45
63
65
73
86
101
114
127
125
113
90
81
86
84
77
68
61
55
55
55
55
55
54
54
55
55
55
54
54
54
55
55
54
54
54
55
55
54
54
54
55
55
55
54
54
55
55
54
54
55
97
104
108
109
111
115
116
116
116
116
72
38
42
47
53
59
55
55
54
54
54
55
55
54
54
54
55
55
55
54
54
54
55
55
54
54
54
92
101
105
106
108
110
120
126
130
93
84
52
55
57
60
50
41
4
4
7
15
24
25
27
29
32
35
38
41
35
4
3
7
13
22
25
27
29
32
34
37
40
34
4
4
6
14
22
25
28
30
32
34
37
40
34
7
9
14
6
4
7
20
24
26
30
38
49
58
61
64
30
28
31
34
37
39
6
5
8
16
6
18
28
36
46
51
56
59
61
53
55
30
32
35
9
7
15
21
28
35
40
47
53
60
7
7
11
13
20
26
33
39
46
52
58
7
16
30
34
44
48
56
61
63
75
73
38
41
43
46
49
38
44
50
29
34
40
45
51
56
5
6
7
13
20
29
38
49
56
61
65
62
67
49
54
60
61
46
49
55
55
55
54
54
55
55
54
54
54
54
55
55
54
54
54
55
55
54
54
54
54
54
54
54
54
54
54
54
55
54
54
54
54
54
54
54
54
55
54
54
53
53
54
54
53
54
52
48
45
40
36
32
29
25
21
6
23
30
48
34
35
39
43
47
51
55
7
9
9
12
13
14
25
31
38
43
49
38
43
48
54
60
56
56
56
56
56
56
57
57
57
57
54
53
51
51
49
47
45
43
41
34
37
41
12
15
17
20
23
27
31
35
39
43
88
1
2
8
18
23
25
31
40
47
52
59
65
64
7
8
17
24
31
36
43
49
76
84
5
11
12
13
15
19
28
34
41
47
53
7
8
17
23
31
42
49
57
64
73
7
9
18
27
38
46
53
59
65
70
37
39
44
50
56
55
55
55
55
54
54
54
54
54
54
54
54
55
55
54
54
55
55
54
54
54
54
55
54
54
54
55
54
54
54
54
55
54
54
54
55
54
54
54
53
54
54
54
54
54
54
54
54
54
54
54
55
54
54
54
54
54
54
54
54
54
54
54
54
55
54
54
54
55
54
54
54
55
55
54
54
54
55
54
54
54
55
55
54
56
55
56
56
55
55
55
56
55
55
54
54
53
54
54
53
54
54
54
53
54
53
53
53
54
53
53
54
54
53
54
54
53
54
54
54
54
54
54
54
55
54
54
54
54
54
54
54
54
54
54
53
53
54
54
53
54
54
54
54
54
54
53
54
54
54
53
54
54
53
54
54
54
53
54
54
54
54
54
54
54
54
54
54
54
54
54
53
53
54
53
53
54
53
53
54
53
53
54
53
53
54
53
53
54
54
53
54
54
54
53
54
54
53
54
54
53
54
54
54
53
54
54
54
54
54
54
53
54
54
53
54
54
54
54
54
54
54
54
54
54
53
54
54
54
53
54
54
53
53
54
54
53
54
54
53
54
54
53
53
54
54
54
54
54
54
55
54
54
55
54
54
54
54
53
54
54
54
54
54
54
54
55
55
54
54
54
54
54
54
54
55
54
54
54
53
54
54
54
53
54
54
54
55
54
54
54
54
55
54
54
54
55
55
54
54
54
55
54
54
54
54
54
54
54
54
54
54
54
54
55
54
54
54
54
54
54
54
54
54
54
54
54
54
50
46
45
41
37
33
32
29
1760
1840
1909
1977
2047
2120
2189
2258
2330
2467
739
729
731
711
704
705
680
683
546
494
440
383
316
269
210
171
131
92
134
111
115
94
68
68
70
72
59
60
4
9
10
14
16
18
19
20
22
24
26
6
19
34
45
49
63
69
76
122
165
168
150
129
131
133
62
63
65
67
8
6
12
14
16
18
20
22
23
25
8
6
13
15
19
22
22
27
31
30
2
7
19
28
32
34
44
53
60
67
73
71
58
64
71
68
67
66
67
66
65
62
65
75
79
76
78
77
77
76
91
86
78
76
78
82
85
85
91
83
0
0
3
1
3
3
4
6
6
5
6
12
17
24
29
36
39
46
40
46
52
58
55
61
58
64
60
60
60
60
60
60
60
60
60
59
60
59
60
60
59
60
60
59
60
60
60
60
60
60
60
60
60
60
60
60
60
60
59
59
60
59
59
59
59
60
59
59
59
60
59
59
60
59
59
60
61
62
63
63
64
64
63
64
64
62
61
60
61
63
62
62
62
61
61
61
61
61
57
56
56
56
56
56
56
56
56
56
55
55
55
55
55
55
55
55
56
56
57
58
58
58
58
58
58
58
58
58
57
56
56
56
56
56
56
56
56
56
56
56
57
57
57
57
56
56
56
56
56
56
55
55
56
56
56
56
56
56
56
56
56
55
55
55
55
55
56
56
55
56
56
56
56
56
56
56
56
56
56
56
55
55
55
55
55
55
55
55
55
55
54
55
55
55
55
55
56
56
56
56
57
57
57
57
57
57
56
56
56
56
56
56
56
56
56
56
56
56
56
56
56
56
56
56
55
55
55
55
55
56
56
56
56
56
56
56
56
56
56
56
56
56
56
56
56
56
56
56
56
56
56
56
56
56
56
56
56
56
56
55
67
65
63
60
57
55
52
49
8
4
2
7
16
24
30
37
42
44
51
56
63
56
62
5
14
7
6
6
7
6
10
7
3
5
12
19
2
2
7
4
5
12
17
3
5
12
17
4
5
12
17
4


countEmpty = 170	countFull = 1291
