162
207
216
221
227
230
236
239
245
248
85
44
49
42
47
47
54
50
55
51
56
51
56
52
50
50
52
50
56
56
57
54
56
55
55
61
60
56
54
61
61
63
61
61
61
61
63
61
58
56
57
55
51
49
48
52
51
57
56
63
63
68
64
63
69
67
67
65
66
66
65
66
65
59
58
54
53
50
49
48
56
54
60
59
60
58
63
58
57
56
53
52
48
53
52
48
53
48
47
53
52
58
57
58
63
62
69
69
69
70
70
70
69
70
70
70
69
69
69
69
69
68
69
68
67
68
69
68
65
63
64
63
64
65
64
65
65
71
71
70
68
66
63
61
61
61
61
55
54
60
59
64
59
59
58
58
64
64
61
59
59
66
66
66
66
66
65
69
69
69
68
67
64
64
64
64
64
64
60
59
55
59
54
53
53
49
47
50
48
50
48
54
53
49
54
50
51
46
51
50
50
50
53
51
50
56
62
63
63
59
57
60
57
57
56
57
57
56
59
57
64
64
63
64
65
61
60
61
58
59
58
59
55
53
59
55
61
60
60
60
59
61
59
59
64
64
63
64
63
60
65
64
60
59
57
54
50
49
55
55
56
61
61
65
65
71
70
67
65
63
59
58
53
53
49
48
50
48
49
54
54
56
53
54
53
58
58
58
58
58
64
60
65
60
59
59
56
54
54
50
54
54
57
55
54
59
58
58
65
65
65
70
66
65
61
61
60
56
55
50
49
51
49
55
55
54
56
61
70
69
75
71
69
70
69
75
66
64
64
64
69
69
66
64
60
58
55
53
54
53
49
53
53
60
59
61
60
60
60
66
65
66
66
66
71
70
71
66
64
61
59
61
60
60
56
54
56
55
57
56
55
55
51
55
55
56
54
60
55
54
50
54
53
52
59
59
58
64
63
69
65
64
61
60
60
56
55
55
54
61
59
65
64
60
64
60
60
59
59
59
54
54
59
59
65
65
64
64
61
67
65
62
60
60
60
60
59
65
64
64
69
69
69
65
65
64
64
61
61
60
61
60
67
66
66
62
66
66
66
65
66
66
65
65
70
71
70
70
71
70
70
71
71
70
71
71
71
67
65
62
60
61
60
60
61
60
66
60
66
65
65
66
66
64
66
65
72
76
75
71
69
68
69
66
64
61
55
55
61
60
60
60
62
59
62
59
60
60
60
61
60
62
62
68
67
67
67
67
67
67
73
73
70
66
65
66
65
66
65
65
65
67
72
67
67
66
67
67
67
66
66
66
71
68
67
66
62
62
63
62
63
64
70
69
69
74
73
73
73
73
72
71
70
71
71
70
71
70
71
71
71
67
66
67
67
63
62
62
63
62
68
68
68
67
68
66
67
67
67
67
67
66
66
69
68
69
68
67
66
67
66
62
67
66
66
67
66
66
63
62
64
62
62
63
62
63
62
67
66
73
69
67
68
68
69
68
68
69
68
73
72
72
72
72
72
68
67
67
66
66
65
65
65
64
70
70
71
71
71
72
72
73
72
72
73
72
71
71
71
70
71
70
70
71
70
66
65
64
65
65
65
65
65
64
71
70
70
69
70
70
70
71
66
66
65
65
66
62
60
61
60
67
65
67
66
62
67
66
66
62
62
64
63
63
68
65
63
59
64
62
61
61
62
62
271
275
281
281
282
282
282
283
283
283
79
77
78
78
77
77
77
77
78
78
77
76
76
77
77
77
77
77
76
76
76
76
76
76
75
75
76
75
77
76
76
76
76
76
76
77
76
75
76
76
76
76
76
75
76
76
76
77
76
76
78
79
79
78
78
78
79
78
79
80
78
76
77
76
76
76
77
76
77
76
76
76
76
76
76
75
75
76
76
77
78
79
80
80
82
82
81
80
81
79
79
78
76
78
77
77
77
76
78
78
78
78
78
76
75
75
76
76
76
76
76
85
85
85
85
86
86
86
86
83
74
74
75
75
74
74
75
72
79
77
78
78
79
79
80
80
79
80
80
80
78
77
77
77
77
77
76
76
77
76
77
77
76
76
76
76
76
76
75
76
76
75
76
78
78
80
80
80
80
80
80
79
78
77
76
75
75
75
77
77
77
77
77
78
78
78
78
78
76
76
77
77
76
76
76
77
76
76
76
76
76
76
77
77
76
76
77
77
77
77
77
76
77
77
76
76
76
77
77
77
78
80
80
80
82
82
81
81
82
80
80
79
78
77
77
77
76
76
76
76
77
78
77
78
78
78
78
79
79
79
78
78
77
78
78
77
77
76
76
76
77
76
76
76
77
77
77
77
78
78
79
78
78
78
78
82
81
81
81
79
79
79
79
79
76
76
76
76
77
77
77
77
77
77
77
78
79
78
79
79
79
78
78
79
79
79
78
78
78
78
78
78
78
78
77
81
83
84
83
84
83
84
84
85
86
81
81
80
81
81
80
81
80
80
78
77
77
77
77
77
76
76
77
77
77
77
78
78
78
78
247
379
423
429
431
432
437
440
442
443
275
144
104
101
101
98
97
98
98
97
97
98
99
99
98
98
98
99
99
107
112
108
101
94
89
82
75
68
62
48
29
22
28
71
82
89
98
99
115
127
122
137
142
105
101
102
103
113
110
108
110
106
102
102
104
105
106
108
109
108
109
110
111
113
114
114
114
113
113
113
114
113
113
113
113
114
114
114
115
115
115
115
115
115
114
115
115
115
115
117
117
117
117
119
120
120
120
121
121
121
120
120
120
120
120
119
119
119
119
117
116
115
114
113
112
112
113
111
111
113
113
114
113
114
115
115
115
115
115
115
115
116
117
117
118
118
117
116
116
116
116
116
115
114
114
114
116
116
117
117
116
116
116
116
117
116
115
114
114
114
115
114
115
115
114
114
130
122
127
136
140
144
155
158
161
148
146
157
147
141
137
130
124
121
118
117
117
117
117
117
117
118
116
116
118
117
117
117
118
117
116
116
116
116
116
117
117
117
117
116
116
116
117
117
117
117
117
117
117
117
117
117
117
116
115
114
113
113
114
113
112
111
112
111
112
112
114
113
113
119
119
118
119
121
121
120
118
119
119
113
113
114
114
114
113
112
111
112
113
114
115
113
110
109
108
107
109
117
123
126
131
131
134
136
138
138
139
124
120
118
120
117
110
103
96
89
83
77
69
63
1
5
20
34
48
59
71
83
93
105
116
120
120
118
118
108
113
114
114
114
114
114
113
113
107
117
111
109
110
111
110
111
111
112
113
114
115
114
116
115
115
113
112
113
113
112
113
113
113
113
114
114
115
116
117
118
118
119
118
118
118
117
116
115
116
114
113
114
113
113
114
115
116
117
117
117
117
117
118
118
118
118
118
118
117
118
119
119
119
119
119
119
118
118
118
118
118
117
116
115
114
113
112
112
111
112
112
113
113
114
115
116
118
118
117
117
115
115
116
116
118
118
118
118
120
121
121
120
120
120
118
117
117
115
115
114
114
114
113
113
113
114
114
115
115
115
114
114
115
116
115
115
116
114
115
115
115
115
114
114
115
115
114
115
115
116
116
117
117
118
118
118
118
119
119
119
119
119
119
119
120
120
120
118
119
119
119
119
117
118
118
116
115
115
114
113
112
112
111
109
110
110
111
111
113
113
115
116
117
117
117
146
145
138
131
123
118
111
104
96
90
23
29
40
51
61
72
82
92
107
119
110
111
111
112
113
113
114
115
110
111
111
111
111
112
113
113
113
114
114
113
113
112
110
110
109
108
107
106
105
105
104
105
105
105
104
105
104
105
104
105
104
103
103
103
103
103
104
103
102
103
104
104
106
106
107
107
108
109
110
111
112
112
113
113
113
112
112
112
111
110
109
108
108
107
108
108
109
110
111
112
114
115
115
115
115
115
115
116
114
114
113
113
112
111
110
109
108
113
116
116
116
117
118
118
118
119
120
114
112
112
112
111
112
112
112
111
112
110
111
109
109
108
107
106
105
105
105
104
104
103
104
107
113
116
119
125
130
135
139
148
154
153
153
160
167
165
167
171
172
172
181
183
184
182
181
181
180
177
1189
1205
1188
1205
1201
1222
1222
1228
1240
279
261
248
279
263
275
278
286
306
306
297
299
304
310
298
274
246
226
202
195
176
150
139
119
96
106
140
144
119
129
125
143
130
122
131
89
101
117
127
142
122
138
118
133
112
126
111
124
109
124
109
124
106
121
97
105
85
94
71
78
59
67
4
19
31
47
57
75
77
88
90
99
76
85
63
72
2
7
15
8
11
27
43
57
61
81
94
102
110
119
120
103
83
91
101
21
23
26
28
30
35
40
45
50
55
41
13
24
30
34
40
45
53
62
73
102
82
86
95
59
68
77
89
93
101
9
13
16
23
32
41
52
61
70
80
8
11
21
31
36
40
50
55
57
62
6
23
49
75
87
98
105
114
125
129
126
114
97
8
20
33
42
51
61
71
80
89
99
101
95
92
92
92
94
93
94
93
93
96
94
93
93
93
92
92
91
91
92
91
91
92
90
90
90
90
91
91
90
90
90
90
91
91
92
91
90
92
92
95
91
87
83
80
75
71
67
63
59


countEmpty = 27	countFull = 1792
