172
230
237
241
245
249
253
257
261
264
65
72
74
75
77
80
82
84
85
87
7
8
11
13
15
17
19
21
23
25
7
9
11
13
15
17
19
21
24
26
7
9
11
13
16
18
20
21
24
26
6
9
11
14
16
19
20
22
24
27
7
9
12
14
15
17
19
22
24
26
7
9
11
14
15
17
19
21
23
26
7
9
12
14
16
17
20
22
24
26
7
9
11
14
16
17
20
22
24
27
6
9
11
13
16
18
20
23
24
26
6
9
11
13
16
18
20
22
24
26
7
9
11
14
15
17
19
21
24
26
6
9
11
13
16
18
20
22
24
26
7
10
11
13
16
18
20
23
24
26
7
9
11
13
16
17
19
21
24
26
7
9
11
13
15
17
20
22
24
26
7
9
11
14
16
18
20
22
24
27
8
11
13
14
15
31
33
36
46
55
9
14
18
19
26
35
42
49
53
60
52
53
55
69
69
66
64
62
62
63
63
67
45
49
44
48
43
49
44
48
45
49
45
49
44
49
45
49
44
49
44
49
44
49
44
48
44
49
45
49
44
48
45
49
44
49
44
48
45
49
45
50
44
48
45
49
44
48
44
49
43
49
44
48
45
49
44
49
44
49
45
49
44
49
45
49
45
49
45
48
45
52
44
45
38
39
31
34
26
28
17
17
19
20
22
47
53
66
80
86
59
60
61
64
66
46
47
34
8
17
20
23
29
31
33
39
40
41
47
31
26
31
24
28
29
27
34
35
28
33
34
30
31
33
37
37
29
31
34
28
33
39
36
41
43
33
36
38
33
37
45
36
41
34
27
32
33
29
34
34
24
29
36
38
41
43
45
47
37
39
43
40
11
16
14
30
44
54
65
77
82
92
99
100
113
8
10
11
10
18
23
26
33
43
42
48
42
46
46
32
32
37
7
13
21
21
27
27
33
35
36
31
37
12
18
20
22
26
29
32
33
34
5
5
7
15
20
25
27
29
31
39
45
7
5
14
19
30
35
45
47
53
55
44
49
55
48
52
31
36
45
51
60
63
73
63
72
65
74
65
74
66
74
65
74
63
72
62
71
62
72
60
65
53
58
50
54
47
52
30
35
45
51
60
66
73
63
71
62
71
61
70
61
70
61
69
61
66
59
64
59
65
59
65
60
65
56
60
70
61
70
61
69
61
70
61
70
61
70
62
70
63
71
62
68
63
66
62
67
61
66
57
63
83
84
102
107
125
115
127
114
118
112
95
85
89
84
43
50
57
64
71
77
83
76
8
5
12
19
26
32
39
44
51
57
56
61
61
61
60
60
60
61
60
61
60
60
60
60
61
61
61
61
62
62
62
63
62
62
63
63
62
61
61
61
62
63
63
63
62
62
61
62
63
64
63
63
62
64
64
66
66
65
65
64
65
64
66
63
63
62
62
62
62
61
61
61
61
62
62
62
62
61
62
63
62
63
63
64
64
63
64
64
64
63
65
64
64
63
61
62
62
62
58
62
56
54
52
49
47
43
37
40
15
21
22
23
27
31
33
37
37
42
5
1
2
5
6
10
12
17
23
27
31
36
40
7
11
11
8
6
12
14
21
28
33
39
45
43
47
52
4
12
11
19
27
32
33
35
38
38
40
41
48
16
16
21
26
32
37
43
50
16
17
21
23
29
31
36
41
36
30
30
37
13
17
18
20
24
23
41
45
50
38
40
46
47
47
43
43
27
28
29
3
10
12
13
18
19
31
39
55
73
66
73
79
96
107
117
106
110
95
77
80
76
73
60
58
39
44
51
58
60
57
45
51
57
56
57
56
43
48
54
63
61
100
97
97
85
89
92
84
30
33
43
28
38
44
50
55
55
61
68
57
61
57
43
46
50
49
46
43
2
3
11
17
25
30
39
44
51
52
59
51
56
49
54
48
53
5
1
6
17
25
30
33
37
40
42
44
47
42
10
7
14
21
25
31
37
44
51
57
54
58
2
2
3
7
15
23
27
34
40
47
55
55
62
69
62
68
66
72
70
70
69
69
69
69
69
70
69
69
69
69
69
70
73
78
77
82
86
90
94
96
96
97
96
91
91
88
87
80
80
81
78
77
77
77
81
82
77
73
71
70
66
62
52
37
40
35
31
32
30
26
28
26
29
28
30
28
30
31
34
32
34
32
31
35
35
36
36
35
36
35
36
35
32
32
35
36
32
36
36
39
37
39
40
40
38
39
38
36
35
35
35
34
32
31
32
31
35
32
36
35
33
35
35
38
36
35
38
36
34
35
35
34
33
35
32
31
31
31
33
34
30
34
33
35
33
40
40
38
37
41
42
42
45
44
41
42
42
42
42
39
37
35
35
36
35
36
36
36
39
37
39
36
35
33
35
35
35
35
35
35
35
35
38
37
35
34
33
35
34
37
34
34
33
35
34
35
32
35
35
36
35
33
34
32
31
32
31
28
30
31
33
31
33
31
33
34
35
35
34
32
34
32
35
32
31
31
31
28
30
28
30
28
30
31
31
31
34
35
38
35
38
35
34
34
34
32
30
28
30
28
30
31
31
31
31
30
32
30
34
31
30
30
31
33
32
34
34
36
39
37
38
37
35
36
35
35
34
35
37
35
37
35
37
35
35
34
32
31
33
32
33
31
34
34
33
35
33
32
33
32
34
31
30
30
31
31
34
31
34
31
34
32
30
32
30
28
30
28
30
28
30
28
31
30
32
30
31
31
36
35
38
36
34
35
34
37
35
33
31
29
31
29
30
30
28
30
29
31
29
31
29
31
29
30
30
28
30
30
30
29
31
29
31
30
34
31
32
34
33
34
33
34
34
31
34
31
30
31
30
31
30
30
31
31
31
31
31
31
31
30
28
30
28
31
32
34
32
34
33
34
32
34
32
30
28
30
31
31
31
31
30
32
30
32
31
28
30
31
31
31
32
32
34
32
35
32
31
34
35
35
35
33
35
33
36
37
37
37
37
37
35
38
39
39
40
36
35
36
36
38
36
35
32
30
32
31
33
31
30
30
30
30
30
34
34
32
34
32
34
33
34
33
30
28
29
30
30
30
32
31
32
30
32
30
30
32
31
31
33
31
33
31
34
31
31
31
32
30
34
32
34
32
35
53
55
54
53
50
52
50
52
50
48
27
30
27
30
28
30
28
31
28
42
47
60
61
65
63
66
65
68
66
50
5
9
16
25
29
34
37
41
44
48
51
46
10
7
14
21
27
34
41
48
55
60
5
5
5
4
5
18
33
37
41
44
48
52
48
51
53
7
11
14
17
21
24
28
32
34
38
7
11
15
19
22
25
29
32
36
40
7
10
13
17
20
23
26
30
34
37
9
23
36
48
53
55
57
68
74
84
78
64
40
41
45
47
47
48
42
40
39
38
28
33
35
33
36
32
35
37
40
1
1
1
1
6
6
6
8
13
19
24
34
44
48
51
47
55
62
64
70
66
60
62
60
66
68
65
64
61
66
64
66
65
67
65
69
67
67
67
67
65
63
61
60
60
60
61
60
60
61
59
57
58
55
53
50
46
47
48
45
51
36
41
48
54
59
61
60
60
60
60
60
60
60
60
60
59
60
60
59
60
60
60
60
60
60
61
60
60
59
59
59
59
58
57
57
56
56
56
56
55
55
55
52
51
50
48
47
48
46
45
22
25
31
37
43
48
130
137
144
151
158
160
161
161
162
162
62
62
61
61
58
59
59
59
59
59
60
60
59
59
60
59
59
59
60
60
62
62
62
62
61
62
62
61
61
60
59
60
60
60
60
59
58
58
58
58
56
55
55
55
55
55
55
55
55
55
56
55
55
55
55
54
55
55
55
54
54
59
60
70
70
72
73
72
73
74
77
62
56
64
50
55
61
57
55
56
53
45
58
64
65
66
67
69
68
68
68
67
66
63
63
62
61
61
61
60
60
65
64
64
64
64
64
64
64
65
65
60
59
62
63
64
64
63
65
65
64
63
65
63
59
60
61
61
60
61
61
61
61
61
60
59
59
59
58
58
59
60
60
60
59
60
61
61
60
61
61
61
61
60
61
60
60
60
60
61
60
60
60
60
61
62
63
63
61
61
62
62
61
61
61
58
59
58
59
59
59
58
58
59
59
59
58
58
57
57
57
57
56
56
56
55
56
56
56
56
56
56
56
56
56
56
56
56
56
56
56
56
56
56
56
56
60
58
56
53
51
49
47
45
43
5
12
10
20
26
33
40
46
52
58
65
64
70
8
3
3
7
6
5
9
10
13
21
24
30
44
49
53
60
55
60
61
56
59
65
55
57
57
57
57
57
57
57
57
57
56
56
56
57
57
57
57
57
57
57
56
56
56
56
56
56
56
56
56
56
56
57
57
57
57
56
56
57
57
57
56
56
56
56
56
56
56
56
57
57
57
57
57
58
58
58
58
58
58
58
58
58
57
57
57
57
57
57
57
57
57
57
57
57
57
57
56
57
57
57
57
57
57
57
57
57
57
57
57
57
57
56
56
56
56
56
56
57
57
57
56
56
56
56
57
57
57
57
59
61
59
56
53
51
48
45
42
39


countEmpty = 83	countFull = 1241
