128
151
150
150
151
151
151
150
150
151
7
7
7
7
6
7
7
7
7
7
8
9
10
10
10
10
12
14
15
29
20
19
19
19
20
28
31
29
29
13
6
6
7
8
7
2
3
3
3
4
5
5
5
6
8
7
7
5
5
5
4
3
2
0
0
0
2
3
3
8
12
12
12
12
12
11
10
13
16
9
8
6
6
7
8
8
9
4
3
8
11
10
9
7
7
8
7
7
13
9
9
6
6
6
10
14
14
14
8
7
8
9
9
10
4
3
8
11
10
8
8
8
7
9
12
12
6
6
5
5
11
14
13
13
11
14
15
16
15
17
12
11
9
9
12
9
8
7
7
7
6
7
8
7
7
9
8
7
8
7
7
12
16
16
10
15
15
15
15
16
16
17
19
16
16
11
10
8
9
10
11
6
5
7
7
7
8
8
6
11
14
13
12
10
12
12
12
12
13
6
6
5
5
6
5
5
5
5
5
5
5
5
5
6
5
2
2
9
13
14
14
13
12
10
8
8
7
6
3
4
4
4
6
7
12
12
11
10
8
7
6
7
7
7
4
5
5
5
5
11
15
16
15
13
9
6
7
7
6
5
2
2
3
4
3
2
1
0
6
3
3
3
10
13
14
13
13
12
11
10
7
6
7
10
10
10
10
11
10
10
10
10
7
4
4
5
6
6
8
8
8
11
14
14
13
12
11
10
10
9
8
7
3
3
3
4
5
3
3
7
18
15
16
15
15
15
16
16
16
26
27
27
27
27
27
27
27
27
27
6
5
5
5
6
6
6
6
6
6
8
8
8
8
7
8
8
8
8
8
8
8
8
8
8
8
8
8
9
8
7
8
8
8
8
8
8
8
8
7
8
7
8
8
8
8
8
8
8
8
0
6
3
4
4
9
13
13
13
13
13
12
11
13
16
10
10
10
10
11
15
16
15
11
9
6
5
5
5
6
2
3
7
11
10
10
9
9
8
8
6
6
5
6
10
10
10
8
5
5
6
5
5
7
4
4
4
6
5
4
6
5
2
3
3
2
3
3
9
12
9
6
6
6
12
16
17
17
10
6
14
18
17
17
12
10
6
7
9
18
16
13
12
13
13
12
15
38
39
30
2
5
7
4
6
6
4
5
6
4
6
5
39
1
7
6
1
7
4
3
2
2
3
3
0
1
3
3
5
1
4
1
4
4
5
5
4
2
2
3
5
5
3
4
4
5
5
4
5
5
4
5
5
4
4
4
5
5
5
26
2
1
0
5
1
3
2
5
2
2
4
2
2
1
1
2
3
3
1
2
2
2
2
1
4
1
1
1
3
1
1
1
4
2
1
5
5
2
0
3
1
1
1
3
1
0
0
1
1
0
1
1
4
4
2
0
3
1
1
4
5
2
1
3
2
1
2
2
1
1
0
2
0
4
5
3
2
0
2
0
4
4
1
2
0
1
0
5
5
2
2
5
1
0
2
1
0
2
1
1
2
0
2
2
0
4
3
2
4
4
1
1
1
1
1
2
2
0
2
4
1
1
5
5
3
3
2
4
3
1
1
3
3
1
2
1
1
1
5
5
2
1
4
1
5
0
0
1
1
5
5
1
1
4
2
2
5
5
1
0
3
0
2
1
4
1
2
1
3
1
1
1
2
1
1
4
1
1
2
1
1
0
3
1
4
2
1
1
2
2
2
1
1
1
1
0
1
1
2
2
1
1
1
1
0
1
2
2
1
0
2
0
1
0
2
4
2
4
2
1
2
1
1
1
1
2
1
2
0
4
4
1
1
1
3
1
1
2
2
1
1
3
4
1
2
0
1
4
2
2
1
3
1
4
4
2
295
1
2
0
2
1
4
3
3
2
3
2
5
2
1
5
5
3
2
0
5
3
2
1
4
1
1
1
3
5
4
2
6
5
4
4
1
13
12
1
3
3
4
11
7
5
1
5
0
4
1
4
1
2
3
3
1
9
1
5
3
2
5
4
8
1
3
3
5
3
10
11
1
4
2
4
5
27
21
12
72
48
43
36
14
14
13
14
14
14
3
3
1
5
9
2
5
2
5
4
1
7
3
3
4
1
2
2
8
2
2
3
2
8
1
3
1
10
1
2
2
10
1
3
2
8
0
3
2
2
1
1
6
2
2
1
7
4
1
5
4
1
7
6
1
3
4
3
6
1
1
9
2
2
3
8
2
2
2
3
2
7
1
1
4
1
1
1
2
1
1
1
3
1
2
2
3
1
1
0
3
2
2
1
3
1
1
1
3
7
2
3
2
2
3
1
4
3
2
1
7
8
0
2
3
4
3
12
37
4
11
2
3
6
1
2
1
3
1
1
1
2
7
3
2
3
2
2
3
9
2
1
1
1
2
2
8
1
2
1
8
2
2
1
7
2
1
1
7
2
2
3
9
6
3
5
5
5
10
4
5
3
9
2
4
2
0
2
4
1
1
1
4
1
5
4
3
9
3
1
4
2
2
6
4
9
4
8
7
3
4
6
4
2
5
3
2
1
3
1
7
7
3
1
9
2
2
0
4
4
7
8
2
4
2
3
2
3
1
10
10
2
3
2
8
0
5
1
7
3
3
9
7
4
1
8
2
1
6
3
2
2
1
3
3
13
13
2
0
2
6
8
1
4
2
2
2
2
2
1
1
4
2
1
6
12
11
0
1
2
1
4
4
2
3
2
5
2
1
2
1
2
1
4
4
2
1
1
1
2
1
4
1
2
0
1
1
2
4
3
1
5
1
1
4
5
2
1
4
2
5
1
4
1
0
1
1
2
5
0
1
2
2
3
2
2
0
4
3
1
5
5
1
2
0
2
3
3
1
1
1
0
1
5
3
1
1
1
4
4
1
2
0
5
3
1
2
0
2
1
4
4
1
1
1
4
2
2
5
5
2
1
4
2
2
4
3
1
5
5
2
2
4
2
3
1
0
1
1
0
2
2
1
1
2
2
1
1
2
2
0
4
5
4
3
2
1
2
0
0
1
2
1
1
1
0
1
0
2
2
1
2
1
1
0
3
2
1
3
2
1
2
1
2
0
4
2
1
5
2
2
0
1
3
0
2
1
4
2
1
4
3
2
1
3
1
5
5
3
2
1
1
1
4
1
2
0
1
1
4
2
3
1
1
0
2
2
3
2
0
2
2
5
4
2
1
3
1
0
2
1
5
5
1
1
0
1
1
3
2
2
0
3
1
0
1
0
2
0
4
1
1
4
4
1
1
5
2
1
2
4
1
0
1
1
1
0
3
2
1
2
3
1
1
1
4
2
1
2
3
2
1
1
1
1
0
4
1
1
5
5
2
1
3
1
1
2
1
1
2
1
1
1
1
3
1
1
1
3
1
2
0
3
1
1
1
3
2
1
2
2
1
0
4
2
2
0
2
2
5
5
2
0
3
1
1
4
4
1
1
1
1
1
1
3
2
1
2
3
2
1
5
5
2
1
3
1
1
3
3
2
2
1
1
0
4
1
2
3
3
1
1
4
1
1
2
1
1
1
1
3
1
1
4
4
2
2
4
2
2
1
0
2
2
1
1
2
4
2
2
0
1
0
2
2
1
2
1
5
2
1
0
2
1
4
4
1
1
4
1
1
5
5
1
1
2
1
1
1
4
1
0
4
1
1
4
1
1
4
2
0
6
3
2
4
2
2
2
1
3
2
1
2
1
0
2
1
5
1
4
2
2
1
1
2
2
2
3
2
2
2
1
4
1
2
1
2
1
3
7
4
1
1
1
18
18
3
2
2
0
1
3
2
1
2
1
3
2
2
1
0
5
2
1
2
1
1
1
1
0
0
2
2
0
1
0
6
6
1
1
5
2
3
2
4
3
1
2
1
2
1
4
1
2
0
2
0
1
0
1
4
1
2
0
1
0
4
4
1
1
5
2
4
3
1
2
2
0
1
2
1
5
1
0
5
5
1
2
0
2
1
4
4
1
1
2
2
2
0
4
1
1
1
2
1
1
3
3
2
0
1
2
2
0
3
2
2
4
4
4
3
1
1
1
0
1
3
1
1
4
1
1
4
3
1
5
4
2
1
4
1
0
2
2
1
1
3
1
1
3
1
1
5
4
2
1
0
2
1
0
4
1
2
1
4
1
1
0
3
1
5
0
4
2
1
5
5
2
1
4
2
2
4
5
2
1
2
2
2
4
2
2
5
2
2
2
2
1
4
3
1
5
5
3
0
4
1
1
2
2
1
0
4
2
1
2
0
1
1
3
3
2
0
4
2
1
2
2
1
2
1
1
0
3
2
0
1
5
1
1
4
4
1
0
2
2
1
2
0
1
0
0
4
3
0
2
1
2
1
2
0
1
1
4
5
1
1
3
1
1
1
1
1
0
3
2
1
2
0
2
1
4
4
1
1
4
2
0
2
1
2
1
3
0
1
1
1
3
1
1
1
1
1
1
4
1
1
1
4
2
0
5
4
1
0
2
4
3
1
1
1
2
2
3
3
0
1
4
2
2
4
2
0
4
1
2
2
2
1
2
4
2
1
3
2
2
1
4
2
1
4
5
2
0
4


countEmpty = 1518	countFull = 44
