123
165
168
170
173
183
187
197
200
203
13
356
382
387
392
396
400
404
408
409
398
20
17
55
106
118
120
129
152
174
185
166
196
161
141
137
138
144
119
111
101
3069
3040
3051
3039
3022
3024
3061
3067
3058
3065
136
146
148
130
131
137
83
114
115
150
100
86
108
110
135
127
152
118
143
105
130
130
129
129
127
127
127
128
127
127
126
126
126
127
129
128
128
129
128
128
128
127
128
128
127
127
267
272
255
284
259
266
563
569
729
735
574
597
591
582
581
605
278
300
103
128
129
126
126
126
126
126
126
126
126
126
127
127
127
126
127
127
127
127
128
129
129
128
130
129
129
129
129
127
128
126
126
126
126
126
126
126
126
126
126
125
125
125
125
125
126
125
125
126
127
127
127
127
127
127
128
127
127
128
128
127
128
113
136
113
137
112
137
114
138
112
120
136
111
135
110
134
110
134
109
134
127
126
126
126
126
126
126
126
126
125
125
125
125
125
125
125
126
126
126
125
125
125
125
125
125
126
126
126
126
126
126
126
126
126
126
125
127
126
126
126
127
126
126
127
138
141
142
144
154
152
153
153
168
151
206
179
203
183
4716
4708
4712
4728
4727
4730
4706
4716
4698
4723
174
184
184
157
146
170
113
137
131
128
128
127
128
127
127
128
128
128
129
128
128
128
128
128
128
129
131
129
130
130
130
130
130
130
130
126
126
127
127
127
127
127
127
127
127
127
126
127
127
127
127
126
127
125
126
126
126
125
125
126
126
125
126
130
130
129
130
130
130
130
130
130
130
125
125
125
126
125
126
125
126
125
125
126
126
126
126
128
129
131
131
134
134
141
142
126
152
125
153
127
132
106
107
80
103
95
108
108
98
98
122
123
148
144
142
142
126
126
126
126
126
127
126
128
127
126
127
127
127
127
126
127
128
137
114
116
96
98
74
76
53
54
12
5
2
46
50
72
78
117
121
134
166
170
180
155
155
152
153
135
135
146
111
136
129
127
127
127
127
128
129
130
130
131
132
134
135
136
136
138
139
117
140
115
141
114
120
430
435
413
414
424
402
423
391
398
420
61
66
87
88
97
113
90
97
113
90
97
114
90
93
108
85
89
104
80
84
99
76
83
104
82
95
95
112
126
128
107
109
104
83
84
69
71
8
6
8
8
6
9
4
5
5
40
44
59
61
93
97
102
114
120
133
91
122
109
117
104
131
139
159
156
152
159
125
130
146
108
91
111
73
76
88
72
76
97
75
77
79
75
75
79
75
74
77
73
70
75
95
73
76
79
77
76
79
76
75
79
76
74
78
96
74
77
80
77
77
84
81
80
85
82
80
87
86
69
98
103
96
99
112
97
113
110
113
104
990
993
979
996
980
976
977
980
982
986
79
76
99
81
89
111
84
90
111
112
95
116
93
102
116
93
102
118
95
104
118
96
104
117
95
95
93
181
189
189
193
197
197
193
193
211
212
92
93
102
75
78
85
67
72
62
69
76
77
76
76
76
76
75
75
71
83
77
70
78
71
67
62
68
61
61
565
565
572
573
575
577
578
566
567
580
54
64
69
101
107
125
127
127
133
119
125
108
108
57
62
43
36
36
78
81
87
105
106
81
84
114
118
121
80
93
94
72
75
1330
1332
1303
1327
1334
1340
1349
1370
1371
1377
118
155
160
138
137
133
122
104
136
140
140
97
116
102
104
113
87
96
61
60
76
77
54
54
71
54
73
99
88
124
120
120
149
150
128
260
252
228
231
197
186
212
180
182
185
100
112
116
184
190
200
180
224
226
231
175
209
214
158
169
202
196
149
160
160
166
147
146
123
127
111
109
116
125
139
139
168
178
208
215
240
252
267
262
249
320
248
277
307
309
251
261
288
262
311
242
286
251
191
192
193
229
186
186
128
171
278
239
278
292
304
307
310
318
320
283
138
139
9
16
12
27
49
52
112
118
149
151
231
243
264
239
256
264
215
211
191
191
142
148
178
190
138
136
156
171
149
150
99
100
56
53
56
59
20
12
39
43
103
106
144
139
142
251
315
326
356
365
320
367
329
341
406
308
254
304
244
288
277
227
258
263
210
207
225
141
139
110
156
161
121
122
93
107
87
162
233
241
187
194
198
198
229
211
213
148
71
77
92
121
146
151
127
161
177
161
328
323
325
305
287
309
302
298
285
315
136
149
112
128
137
131
135
107
110
83
86
72
71
59
66
5
12
7
35
54
66
71
70
97
101
104
105
111
78
67
52
54
54
45
38
33
47
50
75
76
166
170
173
163
164
201
190
197
167
171
83
84
99
83
84
25
24
28
32
36
39
61
30
31
37
43
39
42
84
90
111
86
91
105
106
99
101
105
58
58
31
34
36
15
16
54
60
68
94
94
101
119
120
138
141
108
119
121
92
92
123
104
108
86
85
86
66
74
77
89
54
55
73
55
56
61
61
46
57
47
50
85
59
93
97
108
115
178
158
163
186
162
179
127
138
143
144
80
78
79
52
52
32
32
27
83
91
95
88
96
101
105
152
169
173
131
131
101
102
106
62
74
79
54
73
45
44
59
65
131
132
117
137
139
126
151
156
149
152
94
94
95
72
71
72
39
43
31
33
11
10
13
17
19
31
32
34
37
39
30
31
34
38
41
26
29
33
35
60
25
42
43
70
75
79
102
109
126
102
112
134
137
146
151
157
165
165
143
145
135
95
95
53
53
58
41
44
47
48
50
52
54
60
68
73
37
38
55
56
57
74
80
118
124
144
108
125
140
143
150
138
145
103
106
94
100
80
20
21
43
73
77
84
90
96
103
109
94
99
81
19
22
74
81
87
91
96
96
124
125
133
134
66
68
70
74
89
108
81
81
52
59
65
66
72
107
94
54
54
59
99
105
111
112
120
115
129
132
136
144
101
106
113
115
136
99
104
98
99
105
120
118
119
115
103
106
128
106
110
107
91
89
131
137
111
140
111
139
143
173
162
190
141
140
142
106
107
78
85
58
63
28
29
59
63
92
96
125
128
172
176
146
148
121
123
105
122
96
102
32
38
43
49
55
62
68
30
32
35
37
38
40
47
54
61
66
28
29
60
64
93
97
131
134
141
145
125
148
155
158
157
164
106
108
138
145
147
130
88
91
51
51
55
59
12
9
40
47
52
80
89
96
99
102
93
97
57
58
61
15
11
18
36
42
43
45
51
58
64
53
59
66
28
29
60
64
93
97
125
129
136
140
122
156
127
156
128
156
115
118
124
131
122
90
95
68
73
19
18
42
48
53
57
75
77
79
104
90
95
35
51
73
107
111
138
143
110
147
151
181
185
192
162
168
138
144
130
93
99
72
78
22
27
30
33
36
39
42
45
47
51
4
25
27
73
78
116
123
127
129
134
136
118
119
73
73
31
35
41
53
54
60
39
53
245
252
256
267
285
273
281
287
298
284
96
104
83
82
62
69
65
73
2
2
20
28
50
70
91
103
113
115
124
131
112
119
98
86
74
73
2
3
16
23
25
30
31
32
34
53
54
63
37
45
55
58
60
71
75
3
3
5
47
67
118
122
140
150
356
373
383
419
382
389
346
386
358
386
180
189
191
175
177
175
178
157
162
131
136
105
105
82
85
56
60
12
16
20
24
27
31
35
37
41
43
5
12
17
20
24
27
31
35
38
42
45
6
2
175
212
214
266
270
280
316
320
329
334
181
153
152
107
108
128
87
105
101
101
74
76
104
108
111
93
99
82
106
107
115
117
113
122
123
104
101
103
87
91
64
67
4
1
29
37
39
43
45
76
85
88
92
96
114
108
121
122
124
88
91
97
102
108
49
53
4
2
2
7
22
24
30
58
52
57
58
66
77
78
63
70
82
52
58
66
97
33
34
48
55
61
88
90
91
96
61
63
66
52
46
49
30
43
46
49
49
59
62
74
89
92
87
74
87
96
140
133
133
125
163
169
178
168
156
160
120
159
163
156
121
122
157
161
170
165
159
111
120
120
90
101
34
34
39
51
59
71
61
61
67
131
135
183
188
177
213
196
215
219
227
161
154
124
122
128
99
109
89
118
124
149
154
147
191
196
188
197
201
172
198
141
143
134
88
88
93
61
112
118
73
110
115
120
158
165
182
220
162
160
165
120
123
125
82
87
81
7
8
26
31
28
36
42
48
54
61
68
83
21
19
23
24
38
42
50
57
61
38
42
48
54
60
6
10
14
21
37
43
49
96
100
103
120
123
120
116
90
120
122
82
86
87
79
76
78
83
84
51
63
53
60
90
77
99
104
101
100
103
87
89
97
87
89
56
58
64
69
98
105
129
134
114
176
146
145
188
197
180
185
189
192
220
148
159
166
122
119
106
153
116
136
115
150
132
133
149
155
183
133
153
133
140
113
180
185
220
222
176
216
201
202
244
239
167
168
108
107
108
67
87
90
37
78
81
86
89
92
94
100
75
75
81
37
1
2
6
4
9
17
19
2
3
1
2
2
1
6
6
12
20
28
29
30
34
39
41
39
40
35
33
27
29
3
1
14
17
24
60
64
66
75
78
82
84
66
71
74
17
23
30
35
41
46
48
50
