473
528
536
540
545
548
555
556
562
564
88
40
43
37
42
37
55
55
61
61
63
60
61
61
62
66
55
53
54
52
47
58
59
61
59
49
46
48
47
48
46
36
39
34
40
34
41
37
42
36
47
48
53
49
53
48
53
47
52
52
43
47
53
49
53
49
53
49
53
49
47
37
43
42
54
54
56
54
55
58
65
60
65
53
47
47
51
57
53
48
47
45
48
47
54
49
43
44
41
42
41
42
42
45
42
36
47
48
54
49
55
55
57
53
56
55
44
42
44
48
55
54
47
52
51
53
51
53
51
42
50
57
61
68
64
62
63
69
75
74
60
65
60
65
59
63
60
53
47
59
59
57
55
57
55
56
54
56
55
47
44
38
42
38
42
36
48
48
49
45
47
45
47
45
47
47
37
41
35
41
37
41
36
47
47
52
46
57
58
69
67
69
68
58
57
61
59
56
51
45
46
44
45
44
45
41
42
40
35
40
35
40
36
42
37
42
36
42
36
41
36
38
37
37
35
36
41
48
47
50
54
49
54
50
55
50
51
51
56
48
53
47
53
52
55
52
43
39
42
41
44
48
54
49
46
48
46
47
46
48
45
35
40
34
45
46
52
52
54
53
54
50
55
50
44
38
50
50
47
48
54
49
60
59
65
65
56
53
55
51
52
51
41
39
40
50
49
96
98
113
119
130
134
144
145
135
139
97
99
92
86
86
70
78
89
76
87
71
78
88
74
81
88
75
82
67
74
288
276
286
296
307
269
274
286
297
309
111
106
107
108
108
107
106
105
105
103
103
102
102
103
103
103
104
104
106
106
107
107
106
105
105
104
104
103
102
102
102
103
103
103
104
104
105
106
106
106
105
105
104
106
105
105
106
106
106
106
106
106
106
106
108
107
107
107
107
107
107
108
108
108
107
107
108
108
108
108
108
107
107
108
107
107
107
106
107
107
108
108
107
107
108
107
107
107
108
107
107
107
107
107
108
108
107
108
108
107
107
108
108
108
107
107
108
108
107
107
107
107
107
107
105
104
103
102
102
103
103
99
98
107
109
107
104
99
96
89
96
90
87
193
208
219
230
240
251
262
272
283
293
110
101
101
101
102
101
102
101
102
102
103
102
103
103
103
102
102
106
106
106
105
105
103
100
96
94
86
83
80
74
976
1010
1017
1019
1025
1027
1033
1033
1041
1046
70
41
41
39
41
36
38
40
36
38
33
38
40
46
43
46
41
46
42
46
42
40
34
38
39
40
38
40
40
41
39
40
39
34
39
36
39
34
38
36
40
37
41
36
39
35
39
35
37
34
37
32
36
32
36
31
37
33
37
33
37
33
38
34
38
34
39
40
46
43
46
41
45
42
45
40
38
34
38
34
37
33
37
33
38
35
38
33
37
34
38
33
37
33
36
32
37
32
36
33
38
34
38
35
40
36
40
36
40
35
40
40
40
39
40
40
40
39
40
39
33
37
33
37
32
36
33
37
34
37
33
37
33
37
33
37
33
37
33
38
34
39
35
39
34
37
34
38
35
40
35
39
35
39
36
40
41
45
41
45
41
45
41
44
39
38
33
37
33
38
35
35
53
56
51
52
52
53
51
54
57
62
39
62
71
73
79
82
93
110
107
115
110
100
100
101
100
101
91
80
80
78
78
78
78
76
75
74
76
76
76
77
78
77
77
90
107
106
100
104
103
96
101
99
103
86
66
67
72
62
66
72
61
64
61
54
65
62
66
71
61
66
71
73
71
73
75
74
67
71
77
69
66
58
61
71
73
72
80
75
76
86
86
93
91
85
82
81
80
80
79
76
76
76
76
76
75
75
76
76
75
75
75
75
77
76
76
75
76
75
82
89
87
81
85
84
78
81
79
78
62
53
55
60
57
57
60
53
57
60
66
71
73
64
73
72
83
82
85
83
84
81
83
84
87
98
112
111
103
109
118
119
119
122
127
121
102
105
123
125
128
124
127
129
130
128
131
126
131
127
132
130
132
124
130
133
132
130
133
123
129
128
129
128
130
121
128
130
132
134
134
135
209
316
316
314
311
303
294
283
277
267
84
76
55
58
49
51
56
55
55
55
60
55
60
64
64
70
71
77
77
69
72
84
78
88
78
90
80
90
80
91
80
90
80
90
79
89
78
89
78
89
78
89
79
86
81
87
83
88
82
89
81
84
94
76
77
61
62
46
48
33
34
354
362
367
369
373
378
381
383
395
398
27
32
40
47
54
61
65
53
59
65
65
65
65
65
65
65
65
65
65
66
66
66
67
67
67
67
67
67
67
66
66
67
67
67
66
66
76
76
74
69
69
69
69
70
69
47
53
59
66
66
66
67
67
66
66
66
67
67
67
67
66
66
66
66
66
65
65
66
67
66
66
66
66
66
66
66
65
66
66
66
65
65
65
65
65
65
65
66
66
69
64
61
62
63
64
61
62
62
52
59
66
67
67
60
66
67
69
67
67
67
66
67
68
66
67
60
66
67
68
68
68
62
68
69
69
66
61
63
63
63
63
63
50
55
62
68
68
69
69
68
69
68
69
68
68
69
70
69
69
68
69
70
69
69
68
68
67
68
68
67
68
68
68
69
69
69
68
68
68
67
67
68
68
68
67
67
67
68
68
68
67
68
68
68
70
67
312
333
328
325
320
315
310
290
282
291
199
230
238
245
252
259
266
274
283
290
202
214
217
235
251
266
280
295
310
324
143
141
155
147
149
143
140
140
143
132
137
132
134
136
131
134
139
130
131
133
129
133
130
129
134
134
130
136
136
135
139
135
136
134
134
129
715
736
782
805
812
834
850
859
870
885
299
281
261
243
240
226
199
193
179
169
155
146
129
120
121
121
119
113
113
116
118
121
120
113
104
97
89
81
73
65
58
8
15
25
35
45
55
64
75
86
96
100
100
100
100
101
102
102
100
101
102
102
101
101
101
100
99
99
98
98
96
96
96
95
97
96
96
95
96
95
96
97
97
97
96
97
97
98
97
98
97
98
100
100
100
100
100
100
99
98
97
98
96
96
96
95
94
94
94
95
95
96
96
103
101
93
88
86
82
78
73
68
63
44
47
54
54
54
54
54
54
55
47
52
53
53
53
53
53
60
55
60
61
60
61
60
60
61
60
53
54
51
53
52
53
54
47
52
53
47
52
52
55
54
53
60
64
70
75
71
69
65
59
59
50
43
37
17
23
22
21
23
24
26
28
30
32
4
11
23
26
28
30
32
34
35
38
40
14
9
11
13
16
18
19
21
23
25
7
9
11
13
15
16
18
20
22
24
7
9
11
13
15
17
18
20
22
24
7
8
10
11
13
15
17
19
21
22
6
9
10
12
14
16
18
20
22
23
7
14
22
30
38
46
54
62
70
77
80
78
78
78
79
81
81
81
80
81
81
81
80
80
79
77
77
74
68
61
55
49
43
37
32
26
9
10
12
14
16
17
19
21
23
25
6
6
9
11
13
14
16
18
20
22
24
13
12
16
17
19
21
23
25
27
29
24
6
8
11
10
12
15
16
18
20
21
23
3
6
8
11
13
15
17
18
20
22
24
3
6
9
11
13
15
17
18
20
22
24
3
8
11
11
13
15
17
18
20
22
24
3
6
9
11
12
14
16
18
20
22
23
3
8
11
11
13
14
16
18
20
22
24
3
7
10
10
12
14
16
18
19
21
24
3
8
11
11
13
15
16
18
20
22
24
3
8
11
11
13
15
18
19
21
23
25
3
8
12
12
14
16
17
19
21
24
26
3
8
11
11
12
14
17
19
21
23
24
3
8
12
11
13
15
17
19
21
22
24
3
8
10
10
12
14
16
18
19
20
22
3
2
5
5
6
6
10
12
19
22
28
31
30
33
22
31
38
40
44
30
30
35
37
41
38
30
30
35
0
5
3
9
8
10
16
21
26
30
31
35
49
50
51
58
65
49
60
68
68
75
71
62
73
67
58
68
66
57
68
66
57
67
65
57
67
65
56
57
57
49
56
54
46
48
41
37
44
50
52
47
50
58
57
52
61
52
50
56
52
53
57
48
47
60
67
61
63
69
63
76
69
62
75
70
62
73
71
63
73
68
60
72
67
58
72
70
62
73
77
78
85
81
79
86
80
78
85
80
7
9
18
34
51
65
76
87
103
114
125
131
137
136
130
126
130
133
130
128
124
118
109
103
98
96
86
8
6
19
35
51
67
79
95
111
128
135
145
140
136
135
136
137
134
134
136
138
139
144
151
151
149
151
153
155
151
152
152
154
150
150
150
151
147
146
147
149
146
145
146
148
145
146
149
150
148
148
150
151
147
149
151
152
150
151
151
155
151
151
152
149
141
135
127
119
109
103
95
90
7
5
18
34
54
71
84
100
116
131
137
147
142
138
132
134
136
132
125
119
112
109
107
103
96
88
82
79
78
77
77
77
78
78
78
78
77
77
77
79
79
79
78
78
79
79
84
87
81
85
83
77
80
79
72
75
69
58
68
64
56
66
64
56
67
66
57
58
59
59
59
60
56
56
59
56
57
59
53
51
50
48
45
46
38
31
32
34


countEmpty = 71	countFull = 1310
