261
417
428
431
3691
3729
3736
3738
3742
3746
3426
3328
3329
3333
12
17
20
24
29
33
38
42
46
50
11
15
19
23
27
32
37
41
45
50
13
17
20
25
29
33
37
42
45
46
14
14
36
43
47
52
56
60
64
68
55
58
6
14
6
24
22
25
66
81
83
88
155
181
185
165
169
174
136
124
130
129
54
8
10
12
15
17
20
22
24
26
27
13
16
18
21
23
25
28
31
34
39
3
9
10
15
20
26
46
47
59
68
75
62
65
72
81
89
12
10
11
10
10
13
6
48
51
56
59
81
86
86
90
91
154
108
111
114
121
96
104
101
111
114
18
18
24
30
32
37
75
98
102
108
88
110
110
101
110
134
112
88
101
107
125
102
107
112
125
96
109
113
100
104
73
79
81
85
66
66
14
26
27
30
60
65
78
78
108
115
112
105
106
114
102
102
94
117
91
112
95
103
120
131
108
109
107
82
85
92
96
105
85
64
67
69
85
79
87
81
83
78
97
106
109
111
94
101
103
71
78
80
4
4
11
15
22
31
5
20
28
29
31
42
57
64
66
98
105
245
249
259
260
282
271
275
277
249
250
68
69
72
76
13
9
24
36
94
106
110
113
117
121
109
133
126
140
66
67
70
82
83
96
115
92
94
60
65
100
115
99
104
108
79
80
91
96
92
62
50
51
62
49
50
60
49
49
60
48
49
60
48
50
60
49
50
61
48
48
50
40
63
123
108
114
178
168
169
174
176
169
150
89
93
99
53
57
49
52
54
66
81
90
99
172
123
130
136
140
143
133
114
118
111
11
17
30
32
61
67
72
87
92
95
80
83
67
76
51
61
66
41
53
55
60
61
72
61
61
58
60
55
65
70
75
78
65
66
71
58
62
66
6
6
11
76
76
90
93
94
169
173
181
184
204
131
132
155
154
158
58
56
63
65
76
77
82
47
54
59
34
44
49
51
43
44
50
62
46
51
56
68
73
128
113
166
171
162
163
166
168
128
126
70
72
2
2
5
6
12
17
4
5
5
74
79
109
111
114
119
119
130
129
130
65
63
42
42
47
45
47
33
33
46
17
91
98
105
109
113
118
127
135
126
132
9
49
58
62
63
66
81
138
145
153
198
120
123
142
148
151
155
99
93
97
47
48
52
5
15
12
47
53
92
97
106
110
114
127
109
114
76
86
36
44
61
66
68
52
52
66
68
54
65
62
34
35
40
42
46
31
34
37
2
5
20
27
31
34
37
40
43
46
50
53
7
5
3
49
64
71
79
87
96
102
110
118
127
16
18
18
27
32
67
76
85
94
103
16
12
48
51
53
85
91
98
123
137
158
169
136
145
155
124
130
140
109
116
1
1
4
6
2
42
47
49
51
50
73
83
112
119
128
102
105
111
113
116
93
93
97
98
110
71
93
98
100
113
114
121
78
79
59
72
52
50
78
50
54
57
66
88
92
79
96
106
69
70
73
75
70
56
54
56
24
24
37
44
44
47
60
51
55
56
45
86
79
81
86
94
76
82
89
95
101
7
15
20
18
127
146
153
156
160
167
172
183
168
171
60
27
27
30
34
37
39
5
1
18
24
31
38
45
50
56
63
69
75
8
28
34
35
38
42
45
49
52
56
60
6
59
62
67
69
92
97
106
125
126
133
69
77
81
89
72
75
104
80
83
88
92
82
169
169
177
181
134
138
141
146
147
153
66
69
11
9
18
27
33
42
49
58
65
74
4
16
18
18
18
21
22
25
31
37
40
5
21
25
33
48
52
59
64
66
76
91
68
73
74
44
70
77
92
98
99
80
86
83
88
95
6
2
8
28
34
42
130
136
144
147
157
180
176
156
163
172
81
80
87
95
96
26
23
28
31
33
35
41
45
50
55
18
16
20
23
29
30
33
34
49
57
21
23
43
45
62
72
84
91
66
100
100
110
94
99
83
88
75
81
87
32
33
28
32
89
103
133
204
209
217
208
209
216
219
152
150
112
52
54
60
32
37
37
43
45
48
50
56
80
83
43
60
61
67
68
79
78
82
52
61
60
34
44
49
51
44
48
50
60
47
50
65
50
59
61
50
52
53
59
65
77
82
91
97
106
107
108
111
81
81
76
49
48
4
25
38
40
42
45
48
62
62
68
69
28
56
61
69
91
90
72
75
76
80
82
67
64
71
33
74
78
84
89
91
100
87
89
96
102
46
51
56
61
66
65
10
25
30
30
30
32
34
57
61
70
93
63
75
77
94
101
110
95
120
124
96
105
97
105
88
94
87
86
30
36
38
41
46
56
56
59
62
65
26
29
100
106
92
109
113
120
121
133
138
145
67
66
60
36
67
72
107
96
132
131
133
126
130
172
135
139
150
169
128
205
216
232
233
195
219
224
174
157
160
81
81
64
67
63
4
23
29
34
39
43
46
51
55
60
65
12
16
21
24
29
34
38
43
47
51
11
16
19
24
29
33
37
42
46
50
10
14
19
23
27
30
34
39
43
47
10
15
18
22
26
30
34
38
43
47
10
14
18
22
26
30
34
39
42
46
11
15
19
23
26
30
34
39
43
47
10
14
18
23
26
30
34
38
42
46
10
14
18
20
25
30
34
39
42
47
11
15
17
22
25
29
33
37
42
46
10
14
18
22
26
30
34
38
42
46
10
14
18
22
27
31
36
39
41
46
10
14
19
23
26
29
33
37
41
45
10
14
19
24
28
33
36
40
44
49
10
15
19
23
27
32
36
40
45
49
2
34
71
109
146
147
192
197
203
204
206
177
147
112
91
133
104
110
115
117
214
188
226
233
237
189
167
204
210
216
165
170
122
122
125
129
132
87
89
93
5
8
7
28
34
36
39
41
45
49
53
56
60
11
12
19
26
35
43
51
60
68
76
5
10
13
93
95
128
138
143
148
153
156
63
64
69
73
15
11
58
94
106
109
141
148
171
178
199
230
183
155
149
175
154
155
136
144
108
7
34
39
46
91
119
124
128
190
202
209
176
181
189
149
123
131
139
8
37
44
44
43
49
118
131
140
167
173
175
188
214
219
229
146
166
172
140
146
96
102
5
52
59
63
65
66
79
91
160
168
198
117
156
160
163
179
185
188
132
192
176
177
134
154
182
166
168
175
165
110
87
95
106
92
42
50
64
69
75
84
93
102
112
116
14
13
19
21
27
53
58
62
66
66
49
49
52
52
54
5
1
44
50
50
50
56
59
87
97
102
127
82
83
84
85
86
89
85
83
92
76
66
73
74
77
80
95
54
56
60
55
56
63
81
83
85
64
65
66
93
71
110
115
114
114
126
142
147
182
143
175
133
139
124
146
159
138
143
154
159
89
90
94
98
102
82
82
86
5
8
5
20
29
38
46
54
62
70
70
78
86
11
49
50
53
71
78
93
100
126
135
167
127
125
132
112
216
200
205
189
189
161
179
182
186
204
93
101
120
96
105
119
96
106
119
96
106
121
98
108
122
98
107
122
99
109
121
97
104
101
95
134
132
115
134
132
116
170
168
212
204
166
169
180
154
162
158
104
103
50
51
64
70
43
56
63
65
55
60
62
75
60
62
75
60
61
75
59
62
75
61
62
76
61
62
76
60
61
76
60
62
76
61
62
76
61
62
76
62
63
77
59
68
97
77
85
91
74
77
81
70
75
76
32
27
31
74
79
88
88
96
97
164
138
139
142
79
82
98
106
119
124
24
27
32
36
41
12
16
20
23
27
33
37
41
45
52
16
16
48
56
60
65
68
71
75
79
64
67
4
1
26
28
35
97
101
108
113
134
135
154
128
134
139
75
74
77
85
73
79
18
26
38
49
60
129
146
170
186
233
164
169
185
201
211
145
150
126
132
87
94
101
89
67
75
79
84
86
91
94
99
104
108
17
17
26
36
44
52
61
69
77
85
6
5
22
21
24
28
49
55
56
62
65
88
119
160
165
180
146
152
154
161
161
158
94
134
214
191
325
330
336
357
365
345
345
269
187
194
69
74
82
10
63
64
73
117
124
130
135
144
155
163
106
117
126
3
28
38
42
46
50
54
58
62
66
70
4
14
12
24
47
53
72
76
93
101
105
102
110
118
99
99
87
100
88
99
105
222
226
218
238
278
271
257
265
321
331
193
192
183
159
101
102
105
111
5
8
9
26
23
29
36
43
49
55
62
67
74
3
9
11
11
16
62
64
70
90
96
101
105
107
109
117
65
227
233
264
282
315
328
332
395
380
480
316
314
235
234
195
193
235
171
175
124
128
184
189
226
236
242
195
196
201
130
131
72
79
5
17
22
28
36
38
42
44
48
50
55
1
7
4
2
76
111
117
120
125
126
129
137
138
144
70
68
69
75
80
103
109
116
120
210
214
193
194
244
282
250
256
280
282
189
239
181
230
197
166
162
165
137
148
148
93
93
30
29
42
48
50
63
51
58
64
72
119
162
149
157
178
163
171
167
152
150
99
56
55
60
31
35
39
43
16
32
36
46
79
84
86
90
92
99
89
75
80
78
14
12
24
48
49
59
63
68
76
84
77
84
82
39
42
46
50
53
