207
240
265
276
288
299
311
321
332
346
171
126
110
128
152
154
154
154
153
150
142
148
152
162
128
122
133
142
136
139
162
155
174
139
153
149
159
166
169
161
146
142
264
251
241
270
297
282
281
277
252
118
160
160
147
127
81
146
133
134
134
138
109
99
106
111
118
34
74
129
124
120
105
101
100
157
188
195
179
108
108
88
88
88
127
119
71
105
104
134
136
133
133
137
123
136
125
120
117
72
71
111
106
135
136
177
168
156
143
147
152
125
124
104
86
50
102
140
141
187
191
196
235
234
208
258
225
260
295
399
402
383
355
315
310
286
269
204
150
52
49
86
93
94
94
94
95
94
94
67
66
23
53
108
125
132
167
171
204
203
204
204
186
110
92
88
85
90
61
55
57
166
176
181
186
188
275
280
258
263
273
214
186
183
190
213
155
213
191
134
122
107
287
285
337
347
336
287
244
239
236
241
105
91
72
63
70
124
128
133
136
133
136
137
106
86
87
28
39
33
76
142
151
161
175
168
146
145
146
235
233
203
166
145
86
106
160
164
204
196
189
221
223
204
205
194
215
207
173
154
133
96
58
60
62
57
34
25
25
16
11
18
62
58
57
58
55
54
52
147
148
188
155
152
125
129
129
125
208
176
161
95
48
49
43
42
180
183
164
155
144
134
130
124
176
168
77
71
47
48
44
125
127
132
96
96
93
68
53
127
130
133
105
96
95
94
157
160
168
158
142
107
77
81
85
87
58
52
29
30
32
101
107
108
113
177
157
164
168
168
165
137
138
101
106
93
63
41
42
42
46
44
47
49
50
51
54
44
87
92
92
94
95
96
97
97
97
86
7
73
125
156
154
152
169
171
171
234
290
277
269
272
238
276
290
271
315
309
248
254
237
239
210
207
175
164
124
104
102
86
74
8
65
80
64
65
65
68
70
71
74
75
72
12
22
22
33
95
87
113
107
98
96
91
151
152
160
183
167
165
157
202
205
214
196
197
180
206
197
182
196
132
160
161
211
213
219
208
205
278
234
245
205
189
142
98
106
113
113
100
85
64
61
56
90
82
139
142
208
211
209
209
247
246
241
215
197
249
207
191
196
195
175
230
218
217
169
161
120
97
137
137
156
186
185
150
186
187
193
191
179
173
227
163
138
139
100
62
64
66
68
66
63
53
72
69
68
74
71
72
77
79
75
71
132
101
101
98
101
108
186
208
195
187
125
66
65
68
190
189
226
179
201
159
155
149
142
139
112
164
145
170
139
144
142
217
192
225
239
217
239
209
177
154
160
151
137
122
105
91
40
67
69
68
64
63
62
61
115
117
167
138
103
102
171
173
207
210
185
183
136
141
175
156
126
204
163
120
119
112
69
109
111
159
160
111
111
185
190
186
190
186
184
153
100
72
58
18
11
19
15
7
19
17
18
17
10
134
111
80
69
62
57
159
152
120
88
73
66
65
71
109
167
141
115
99
97
102
102
91
85
86
17
32
15
28
17
83
95
103
160
222
227
261
262
258
254
297
283
231
281
217
197
215
177
227
227
286
257
244
197
159
212
198
205
179
171
127
75
60
82
87
133
121
100
81
92
140
160
166
167
168
116
92
95
99
100
15
21
109
101
180
200
199
195
193
253
255
295
276
267
133
183
176
178
181
150
210
171
225
184
196
175
170
168
201
199
219
192
208
200
198
245
222
220
227
214
185
165
143
134
114
72
44
15
59
60
83
106
106
152
181
181
184
177
156
155
145
124
105
84
50
14
57
48
18
96
132
125
120
111
112
197
198
265
265
253
187
169
109
174
172
202
171
138
115
147
147
147
147
131
117
91
96
167
160
116
115
114
79
150
148
152
210
156
171
159
195
195
240
214
226
224
222
199
179
158
142
122
99
207
182
143
118
115
123
122
123
123
121
95
94
55
6
15
83
75
104
102
103
102
157
154
209
210
210
239
207
180
214
239
220
202
191
239
213
235
285
288
316
281
311
308
304
273
249
221
156
142
110
92
64
38
10
5
10
9
5
13
9
8
90
89
131
129
151
175
179
224
225
244
219
207
174
193
292
258
248
215
245
218
197
181
119
112
72
57
57
59
2
8
13
13
20
41
27
18
7
16
11
11
13
18
47
37
10
74
73
71
54
100
101
167
171
175
180
229
228
244
247
261
233
185
172
177
175
179
155
133
117
98
149
144
124
107
107
75
80
140
140
171
140
156
185
197
186
191
186
160
138
135
240
206
213
168
97
84
85
86
89
94
75
47
2
24
32
31
28
28
59
29
25
12
22
108
106
95
80
76
67
63
57
142
136
136
131
157
149
187
189
193
237
211
262
237
265
253
234
208
193
252
236
280
229
252
214
227
211
217
285
257
283
259
279
249
271
237
238
209
169
243
211
255
225
177
135
130
135
208
200
253
235
253
249
250
212
211
214
196
183
188
176
104
99
214
220
215
216
209
204
168
139
140
144
83
38
107
108
124
167
167
167
212
177
178
179
137
133
132
163
139
137
92
47
47
52
55
108
109
7
9
78
68
61
63
63
64
64
63
65
65
26
95
100
89
101
102
104
100
105
181
188
152
148
146
122
115
62
64
65
9
26
21
10
15
24
15
15
13
75
75
57
55
58
157
160
217
217
218
186
162
201
189
202
183
201
154
157
156
156
153
138
125
96
86
103
50
19
23
8
7
74
73
111
116
156
157
155
151
152
187
164
145
116
90
58
57
58
53
56
35
73
74
76
70
51
128
130
217
219
278
253
286
265
314
314
324
278
293
266
268
249
220
197
289
273
256
227
196
237
201
191
226
225
236
233
255
259
256
209
163
145
116
95
59
59
18
44
62
45
108
145
171
160
182
197
214
214
213
210
189
191
163
143
141
118
61
56
46
134
137
135
154
117
123
120
118
237
238
301
284
287
245
236
234
265
265
220
271
233
276
251
281
283
322
279
272
260
288
275
265
246
247
234
229
212
193
174
135
114
96
150
123
106
85
76
59
56
54
59
63
44
19
31
32
46
52
103
93
133
133
127
173
172
176
212
197
285
266
278
275
273
308
311
308
301
272
175
152
148
128
106
24
82
80
84
78
173
171
162
163
260
260
249
238
195
196
146
117
94
99
73
62
23
26
22
16
24
26
31
21
16
7
7
29
21
8
8
21
9
5
21
18
46
27
19
13
23
20
24
80
54
38
48
49
57
64
80
91
157
131
92
83
85
86
94
83
172
175
233
159
187
185
188
356
357
404
440
410
424
394
302
229
233
196
186
160
109
90
41
89
77
55
50
52
105
115
122
127
133
104
101
100
102
102
42
91
81
54
47
49
54
60
63
67
72
58
79
69
54
46
47
50
99
100
100
104
67
8
11
9
10
34
86
66
52
53
53
52
50
49
48
47
20
16
19
19
16
18
16
16
4
24
69
65
58
40
39
40
42
92
92
95
67
51
51
55
60
63
67
25
83
75
144
143
185
186
186
257
262
270
261
226
193
184
168
140
150
16
13
46
47
40
7
6
15
14
13
6
6
14
13
12
7
10
15
8
9
13
24
18
29
14
53
31
25
21
15
17
7
17
18
18
27
85
95
88
83
82
82
118
119
120
121
48
43
14
10
24
11
18
30
38
84
75
71
72
137
135
135
137
133
136
115
97
81
87
106
76
106
114
115
118
123
127
131
172
123
195
149
145
147
144
141
142
142
133
95
59
52
86
83
81
145
154
156
153
150
133
112
101
126
170
123
101
168
154
154
185
188
187
190
180
177
172
77
70
71
10
108
109
109
89
53
54
54
55
57
57
39
43
71
69
68
68
67
66
154
141
184
186
154
122
129
255
259
303
290
312
253
249
262
194
198
165
152
117
101
85
87
95
16
20
56
50
52
52
57
58
65
72
76
77
21
18
102
138
134
124
74
75
84
84
161
146
151
119
105
67
68
66
69
72
22
18
11
8
49
51
98
82
78
64
62
127
129
130
129
166
132
103
86
84
164
143
120
120
126
107
41
38
76
67
95
95
104
99
102
105
108
96
98
102
75
78
42
22
18
8
7
44
21
22
23
100
82
103
109
98
93
92
92
90
93
65
139
140
67
127
123
122
121
120
228
231
234
209
176
134
78
82
85
82
75
123
122
168
166
169
166
168
171
173
161
190
245
206
171
174
227
252
253
253
253
240
166
122
83
83
67
11
27
13
47
55
43
28
36
106
107
149
103
98
103
110
111
111
111
97
208
136
152
153
162
255
258
252
254
247
217
277
253
184
185
142
203
198
193
245
237
186
140
135
140
140
131
98
100
69
6
13
13
100
158
151
182
176
174
172
171
168
166
149
92
84
103
112
149
148
239
275
353
353
352
402
387
354
317
251
230
193
113
17
10
77
57
57
59
156
156
158
156
265
267
243
265
358
397
370
322
317
309
267
195
194
187
89
11
9
17
13
23
13
10
12
131
129
200
190
182
177
173
297
295
300
255
208
265
199
198
200
192
143
57
54
51
52
24
49
38
55
71
74
118
111
100
101
96
180
180
168
156
185
158
122
85
85
86
55
47
