153
200
201
201
202
202
203
202
203
203
11
19
19
20
22
23
26
26
27
29
10
11
16
17
16
15
14
14
13
13
12
7
10
13
15
19
19
19
21
21
23
13
14
14
9
9
8
9
10
10
14
12
13
12
13
13
14
14
13
8
8
8
9
10
46
60
60
60
59
58
58
58
60
60
22
10
10
9
9
9
8
8
9
3
4
4
3
2
2
3
3
4
5
5
6
7
7
8
9
10
11
12
11
11
9
10
10
9
10
8
10
9
9
10
9
9
10
10
10
15
14
14
15
15
15
15
14
14
7
7
8
8
10
8
10
8
12
12
12
11
12
13
13
14
14
14
13
18
38
44
46
45
44
45
37
37
38
28
10
3
3
3
4
4
6
7
7
8
8
10
9
9
10
12
11
11
12
13
12
11
12
12
8
8
7
7
11
2
1
7
11
18
25
32
37
43
50
56
62
61
60
60
59
58
56
52
46
42
36
31
25
19
13
7
8
7
6
4
5
7
7
9
9
9
10
10
13
15
9
8
9
9
10
13
12
16
19
17
16
16
15
15
10
10
8
8
8
9
9
9
9
9
4
2
0
1
2
2
4
1
5
3
4
3
1
3
2
2
4
3
1
3
1
4
2
3
1
2
0
4
2
0
4
2
1
1
4
4
1
1
2
2
1
0
2
0
1
1
2
1
2
1
2
1
3
0
2
1
1
4
2
2
0
6
6
2
1
0
1
0
3
2
1
1
5
6
1
2
0
1
1
5
6
1
1
1
2
2
3
3
1
0
1
1
1
1
2
2
2
1
2
0
3
1
5
1
1
1
2
2
0
1
1
1
3
1
4
2
4
2
1
1
1
5
0
1
1
2
0
2
2
4
2
1
1
6
6
1
2
1
2
0
2
3
1
1
2
1
1
1
3
3
1
0
2
0
5
1
3
1
1
1
2
1
2
1
1
1
1
2
0
1
1
0
2
5
1
5
3
3
2
5
3
1
2
0
2
2
2
3
1
1
2
0
1
6
1
1
4
1
1
5
1
1
0
3
2
1
1
0
3
1
2
2
2
1
5
5
1
1
4
2
1
5
1
1
0
2
1
2
2
3
1
2
6
3
1
3
3
1
1
2
4
3
3
3
1
2
1
3
1
3
2
2
4
2
0
4
1
0
1
2
1
0
0
1
0
6
1
1
1
3
2
2
4
1
2
0
1
1
4
6
1
1
2
1
1
5
1
1
0
3
2
1
1
1
0
2
0
2
0
2
0
1
1
1
0
2
1
0
0
1
0
1
0
3
1
2
0
3
1
1
0
2
0
2
0
2
0
1
1
2
1
2
0
2
0
1
4
1
1
4
1
1
5
1
1
4
1
0
4
2
0
4
2
1
4
1
1
4
2
1
4
1
1
0
1
1
2
2
1
1
3
2
2
2
1
2
2
2
2
1
1
3
1
3
2
1
1
5
6
1
1
1
2
2
1
1
1
1
0
3
1
2
3
1
1
1
1
3
2
2
0
3
2
1
0
3
2
3
2
3
2
2
1
2
1
5
0
2
0
1
1
5
5
1
1
4
2
1
4
5
0
2
1
1
0
5
1
1
1
3
2
2
3
1
2
1
2
1
5
5
2
2
4
3
1
1
0
2
0
6
1
2
0
2
0
3
3
3
2
3
0
3
2
1
1
0
4
1
1
0
1
0
5
1
1
0
2
1
4
1
1
3
1
1
4
1
1
4
1
0
4
1
1
4
3
1
5
1
4
2
2
0
3
2
2
1
2
1
2
1
1
0
5
5
1
1
1
1
1
5
5
1
1
1
1
0
4
1
1
1
1
1
5
6
1
1
1
1
1
2
1
3
1
6
7
1
4
5
1
4
1
3
2
2
0
2
1
2
0
2
0
2
0
2
2
3
1
1
0
2
2
1
5
1
1
1
3
2
1
0
2
1
2
2
2
1
0
0
5
6
2
0
1
3
2
0
4
4
3
1
0
1
0
5
2
0
4
2
3
2
2
1
0
2
1
1
2
0
2
1
0
5
2
2
3
1
1
5
1
0
1
1
1
0
1
1
1
0
3
0
2
0
1
1
2
1
4
0
2
1
1
0
2
1
3
0
2
1
2
0
2
2
3
0
3
2
1
3
1
1
3
1
2
1
1
3
2
1
2
1
2
1
2
1
2
1
3
1
2
1
2
0
3
1
2
0
2
1
3
0
2
1
3
1
2
1
3
0
2
1
2
1
3
2
2
0
8
1
2
1
2
2
0
1
2
3
1
6
4
4
0
6
1
1
5
3
2
17
4
5
4
1
2
4
2
0
0
3
2
1
0
1
1
0
0
2
0
4
4
2
1
4
1
1
4
1
0
2
4
2
0
2
1
1
1
4
1
1
4
3
1
1
2
1
2
1
2
0
2
2
4
3
2
0
1
0
1
1
3
1
0
3
1
1
4
1
1
4
2
2
1
5
3
2
1
1
0
2
1
2
1
4
1
3
1
2
2
2
1
6
6
2
0
4
1
1
4
3
1
4
2
0
5
3
1
4
2
1
1
2
5
1
5
2
0
5
1
2
0
2
2
1
1
1
3
3
1
2
1
1
0
2
0
5
2
1
4
2
1
1
1
1
1
1
3
1
2
2
1
1
1
4
5
1
1
4
2
0
1
1
1
1
1
4
4
1
1
4
3
0
1
1
2
1
1
1
0
2
4
1
2
1
2
0
1
4
1
2
4
3
1
1
1
1
1
5
3
2
2
4
2
2
0
2
1
4
2
0
5
1
1
5
6
1
1
4
2
1
4
2
0
4
2
1
4
3
2
4
2
2
5
5
1
1
3
2
1
5
5
2
1
0
0
2
2
3
0
2
0
1
2
2
3
2
2
3
1
1
1
2
1
4
2
2
0
3
1
4
5
2
1
4
2
1
1
2
1
4
0
2
3
1
0
3
1
3
1
1
1
1
3
1
1
4
1
0
4
2
0
4
1
1
4
2
0
5
1
1
1
1
1
1
4
2
1
4
1
1
1
2
2
0
1
1
2
2
1
1
4
2
1
1
3
2
5
2
1
1
4
2
1
4
2
1
1
3
1
4
5
2
1
5
3
1
0
2
0
3
1
4
5
1
1
0
2
2
0
0
1
1
1
0
2
1
1
2
1
1
4
2
0
2
2
1
2
3
1
1
4
1
1
4
2
1
1
1
0
1
1
1
1
2
1
5
5
2
1
4
2
1
1
2
0
4
1
1
4
2
1
4
1
1
1
2
1
3
0
2
1
2
81
3
2
1
1
3
3
1
43
2
2
1
5
4
4
1
4
4
1
4
4
3
1
1
8
1
35
33
1
7
6
4
2
24
23
21
6
5
3
5
3
0
8
6
8
5
2
11
1
3
2
10
1
0
4
1
0
2
2
2
0
2
3
1
1
0
2
8
2
1
3
1
2
1
1
4
1
2
1
5
3
8
1
3
1
8
2
2
2
1
1
2
1
7
2
2
1
2
2
45
8
1
3
3
1
9
1
2
7
3
3
4
3
3
1
7
2
1
3
1
1
1
7
7
1
3
3
4
3
3
4
3
10
3
9
1
1
2
9
1
1
3
1
1
2
3
0
2
1
3
1
1
2
2
0
1
1
3
0
1
2
2
7
2
1
3
1
2
2
3
1
2
1
3
1
1
1
4
1
1
2
3
1
2
2
3
2
2
2
4
0
1
2
2
1
1
2
2
8
2
2
0
7
2
1
6
3
2
6
1
1
2
1
2
0
2
4
1
2
0
1
1
2
0
1
1
1
4
1
1
4
2
1
1
0
2
3
1
7
5
1
1
4
3
2
1
2
1
5
5
2
2
1
3
1
1
1
4
1
4
1
2
1
1
1
1
1
2
0
3
2
1
3
2
0
4
2
2
4
2
1
1
2
0
5
1
1
4
1
1
4
1
1
1
1
1
4
5
2
1
3
2
1
4
2
0
0
1
1
0
1
2
0
1
1
2
3
1
1
1
1
0
2
2
0
2
0
1
1
5
5
1
1
4
1
1
0
0
2
2
1
3
2
0
4
2
2
3
1
1
1
4
2
1
5
5
1
1
4
1
1
1
2
1
4
5
2
0
4
1
0
4
1
1
4
2
0
1
1
0
4
2
0
4
1
2
4
2
1
3
1
1
0
1
1
4
1
1
5
1
1
4
1
4
1
1
4
2
1
5
2
2
1
4
3
2
0
1
1
3
3
2
1
1
1
1
0
1
1
1
4
2
1
5
3
1
1
3
2
1
1
3
2
2
2
1
4
5
1
3
2
7
6
1
4
2
1
1
2
1
5
6
2
0
4
2
1
4
3
3
1
3
2
1
6
2
0
5
1
1
15
15
14
4
2
3
3
15
16
16
18
19
7
7
8
8
8
8
8
9
10
10
2
3
3
3
2
0
0
2
1
4
5
2
0
4
1
2
1
1
2
1
1
3
3
1
1
1
5
1
1
4
2
0
4
1
0
4
3
2
1
3
2
1
1
1
3
2
1
1
5
1
1
5
2
2
4
1


countEmpty = 1745	countFull = 62
