281
334
339
344
346
357
362
367
371
374
17
32
35
37
40
42
45
46
48
51
20
27
48
74
163
172
174
177
210
226
203
215
193
174
93
102
106
107
49
53
59
61
63
67
14
33
53
72
102
104
114
121
173
231
249
234
224
211
180
201
206
222
118
125
88
92
71
74
78
53
58
13
26
27
27
37
71
76
79
82
83
54
54
66
80
80
33
33
42
45
49
56
63
59
16
17
25
65
65
70
75
76
81
88
99
100
93
45
47
50
139
145
151
184
139
152
173
184
186
188
96
92
95
56
56
53
12
22
21
25
32
37
33
38
39
42
45
28
44
45
60
66
77
105
110
115
117
122
111
118
73
74
70
4
7
10
12
2
7
5
5
5
2
14
20
21
25
31
35
39
82
86
93
57
98
104
116
146
152
157
101
131
138
140
95
96
91
82
80
90
100
68
68
71
77
109
115
75
69
74
98
104
101
105
111
69
93
98
104
109
85
90
83
85
91
156
108
118
128
129
135
145
130
136
144
5
3
1
4
0
2
7
24
30
35
39
86
93
107
108
115
189
162
164
171
178
125
128
118
117
122
5
4
7
8
21
23
30
34
53
87
92
124
133
137
88
90
106
115
117
84
85
31
32
34
36
39
9
11
14
16
18
20
22
25
27
30
18
23
32
41
48
56
65
74
82
91
33
39
42
44
71
72
117
122
160
165
138
138
145
154
137
143
100
108
74
76
33
40
51
57
61
67
76
85
93
102
42
40
45
94
99
108
146
151
157
214
169
245
256
207
214
223
188
196
205
148
155
12
21
39
35
35
35
38
40
41
46
54
62
24
27
35
42
49
54
59
86
33
36
44
54
63
69
78
85
92
99
10
8
17
22
29
36
44
49
56
63
22
21
22
28
43
49
52
52
57
64
41
46
54
56
17
15
34
39
41
56
61
66
69
110
95
127
109
112
114
91
96
99
104
56
72
23
23
34
132
138
188
198
229
235
215
231
232
249
154
154
108
108
70
73
77
61
63
17
19
21
22
48
79
80
112
118
120
111
160
178
207
183
158
181
151
155
207
200
149
135
104
102
108
77
80
80
45
24
30
33
48
59
88
92
93
86
118
124
126
129
115
114
121
125
128
133
69
72
89
98
136
141
88
98
108
108
92
93
91
95
61
65
79
86
102
110
131
138
120
147
135
138
124
113
78
77
56
62
67
15
24
30
98
145
151
184
190
199
201
174
177
187
121
134
137
70
79
84
89
90
92
112
122
65
39
44
66
99
106
112
118
72
79
86
101
108
93
33
38
45
51
58
64
70
30
59
64
108
117
122
129
136
142
149
122
96
103
9
14
35
37
41
43
50
51
57
105
111
116
89
100
125
131
132
134
164
114
89
92
137
148
117
109
112
116
70
74
82
91
4
5
5
21
22
27
28
33
36
42
50
56
60
26
29
33
37
40
4
12
11
16
24
48
54
58
65
65
71
56
63
80
111
79
81
106
111
114
112
154
152
138
129
144
146
102
102
108
113
84
79
85
50
48
54
77
79
90
101
104
168
173
211
160
167
148
184
181
169
172
129
131
106
113
113
116
77
77
84
90
59
64
16
17
22
24
31
48
50
58
98
103
79
87
89
99
121
99
128
130
89
69
80
84
109
115
100
100
88
90
116
117
98
99
76
68
83
90
57
61
33
35
39
42
44
48
42
52
57
62
62
66
67
71
74
78
39
75
80
123
130
134
168
170
174
180
137
95
115
72
78
100
55
81
85
90
94
95
69
100
106
123
129
91
90
96
140
144
150
114
121
129
133
154
162
165
104
107
154
157
177
115
117
79
81
98
106
163
120
124
98
101
104
115
126
109
114
36
41
48
54
60
66
16
16
19
24
62
63
66
69
97
102
84
85
119
126
86
88
91
96
65
67
71
75
3
4
4
4
13
19
20
52
58
64
105
111
116
149
134
138
184
150
152
153
105
104
122
93
166
172
119
146
149
150
144
155
153
189
107
165
172
141
142
145
156
145
139
101
104
5
9
8
4
7
4
4
5
47
53
59
61
116
128
146
151
161
167
118
115
131
139
81
83
55
100
104
110
113
120
95
96
101
106
85
3
8
5
5
5
5
5
6
4
6
3
30
40
72
84
88
91
94
97
100
104
67
67
8
172
176
180
199
206
209
256
271
278
278
110
113
157
124
126
134
66
68
72
79
85
86
23
29
38
59
64
68
75
82
88
97
67
75
81
66
61
63
68
73
78
80
84
74
79
15
13
91
98
103
130
135
146
149
151
135
137
58
55
74
87
107
94
104
143
147
158
158
164
158
111
92
97
122
86
107
105
135
134
128
127
128
128
99
103
78
82
49
9
20
28
31
473
479
490
493
508
515
479
486
494
501
65
65
66
71
1
10
9
12
94
100
105
132
138
156
167
163
195
197
107
144
167
100
102
107
114
120
94
100
107
71
12
10
33
38
47
55
78
87
99
107
126
133
104
111
103
112
102
125
125
127
105
107
6
10
13
20
33
32
39
44
46
49
54
92
103
128
91
146
156
172
175
183
191
148
150
227
233
160
204
206
196
203
211
214
217
97
93
94
9
44
43
98
132
143
154
254
262
270
278
236
243
221
180
179
225
127
118
119
132
128
139
107
119
128
5
9
4
2
80
90
99
101
103
112
187
194
200
202
88
123
128
131
137
139
73
81
89
99
109
71
75
79
73
80
14
17
21
56
66
77
81
89
91
131
115
122
123
88
103
98
102
128
181
137
129
131
135
138
94
97
100
5
10
10
6
8
44
51
57
63
65
134
144
147
148
143
93
89
91
94
100
4
3
4
4
21
54
61
65
67
68
77
101
106
107
86
73
79
95
100
106
124
96
113
115
124
152
154
142
123
124
126
137
143
146
152
82
86
44
50
54
58
15
35
43
47
51
56
64
96
103
109
101
119
122
128
191
198
201
160
182
187
203
130
186
192
122
120
123
144
121
122
104
149
82
109
113
122
125
103
106
108
140
96
95
64
45
32
89
92
96
98
75
81
87
90
94
97
2
10
11
5
1
5
32
37
43
48
98
102
143
149
186
191
162
162
170
179
151
156
124
125
146
131
132
135
137
141
110
113
115
118
69
67
69
78
84
93
100
109
71
75
82
18
18
26
40
47
48
63
70
72
91
71
72
78
57
74
82
77
82
84
53
54
72
81
96
77
79
51
54
68
93
112
88
96
68
71
72
80
86
83
60
32
35
36
81
87
94
141
148
155
160
139
142
146
100
108
112
66
58
69
93
66
75
134
139
268
272
280
283
287
267
273
287
225
231
156
150
158
177
154
158
168
165
168
179
96
94
100
68
75
109
130
67
67
69
72
74
79
86
94
6
36
42
47
64
70
75
108
112
118
118
115
117
118
94
97
98
64
89
95
103
58
58
65
73
81
87
93
14
12
23
64
69
83
84
91
98
101
87
92
95
48
51
51
60
89
93
118
119
125
127
143
166
123
127
100
100
57
63
67
70
77
14
15
20
36
39
40
57
62
81
88
74
101
104
86
90
92
72
76
68
70
68
29
28
34
69
70
75
72
49
53
81
84
84
89
36
40
40
58
64
65
43
48
72
81
86
89
94
70
73
77
64
66
26
34
40
45
53
81
110
141
149
189
141
176
179
193
205
194
167
143
160
114
125
103
106
104
114
93
102
101
78
88
86
64
74
72
49
59
50
50
61
50
50
61
49
50
62
48
55
72
59
68
75
59
69
75
62
73
73
51
60
50
52
61
49
50
61
49
50
60
49
51
60
49
50
61
48
50
60
48
50
60
49
50
61
49
50
61
49
50
61
54
80
85
73
105
109
97
131
135
127
154
120
124
158
121
126
159
120
124
156
118
148
152
115
146
150
113
146
150
119
152
118
123
156
120
124
157
118
123
156
118
122
155
117
121
153
117
121
155
117
122
155
118
123
155
118
123
156
119
123
158
120
124
156
119
124
157
118
123
158
119
123
154
118
147
151
138
141
171
131
136
168
135
140
140
144
117
149
118
122
155
119
123
155
117
121
153
115
120
153
116
120
154
119
123
155
118
122
156
118
122
155
117
121
153
117
121
154
116
122
156
118
122
154
117
122
155
118
122
155
116
122
153
118
122
156
118
122
155
118
122
154
117
121
155
117
121
155
118
122
153
117
121
155
117
122
154
116
122
153
117
121
155
117
121
155
118
122
155
119
123
156
118
122
157
119
124
155
117
122
155
118
122
156
117
122
153
118
122
168
130
135
167
129
133
165
129
133
167
117
121
153
116
120
155
119
125
157
118
122
154
118
122
155
115
120
152
115
120
154
118
122
156
119
123
155
119
123
157
118
122
155
117
121
154
117
121
155
117
121
153
117
121
155
118
122
156
118
123
155
118
123
155
117
121
154
115
121
13171
13138
13140
13143
13104
13106
13108
13071
13072
13074
8
17
22
24
35
53
61
68
75
81
87
69
74
81
73
4
4
10
15
38
30
40
59
61
72
90
94
105
121
94
104
116
93
103
115
94
103
116
92
99
96
74
76
71
48
50
46
23
24
