122
182
204
213
226
233
241
248
257
265
143
96
85
85
81
84
86
85
87
87
89
89
88
88
89
87
88
88
89
89
89
87
86
86
85
85
85
87
85
83
82
83
86
85
85
88
87
86
86
88
88
88
88
86
88
87
83
84
81
80
74
66
74
73
64
73
64
72
67
71
74
64
72
73
63
71
74
64
73
69
74
78
71
77
79
72
76
79
70
75
77
68
72
74
67
71
73
66
71
74
67
72
75
68
74
76
69
77
76
67
77
74
67
75
73
75
67
72
73
66
70
73
67
72
73
68
72
74
67
72
74
66
75
73
67
75
74
67
76
75
75
69
75
76
69
73
75
68
73
75
64
73
71
64
72
71
65
72
64
71
67
71
73
64
67
64
52
55
51
39
41
29
31
50
57
68
73
83
88
91
96
101
105
40
43
48
10
21
40
54
69
83
96
110
123
137
13
52
58
62
65
66
68
74
90
98
91
30
39
51
69
71
81
87
80
85
82
88
86
62
73
76
26
28
38
65
83
98
114
98
112
128
136
147
144
4
16
30
42
51
57
62
66
71
77
74
65
56
5
7
10
15
21
26
32
36
41
44
52
10
20
30
37
43
48
53
59
65
72
59
7
6
13
28
40
46
58
75
80
85
81
85
82
67
71
65
6
20
31
39
44
51
58
64
71
77
76
68
64
63
63
63
63
62
63
63
63
63
63
63
63
63
63
61
60
58
58
59
59
60
60
58
64
58
61
68
68
67
67
67
68
68
65
62
62
59
60
60
60
59
39
44
51
58
65
67
67
67
66
66
67
69
69
65
62
59
57
54
52
49
45
148
156
161
167
174
182
190
198
204
206
68
60
55
51
46
41
36
21
7
12
6
3
8
24
40
49
59
66
78
86
97
105
86
95
90
91
89
91
90
91
91
92
90
90
93
93
94
93
94
93
92
92
91
93
88
88
87
88
88
89
88
88
89
87
87
86
88
88
86
85
87
86
87
88
87
87
88
88
88
88
87
88
87
87
85
88
86
84
85
84
85
85
84
84
86
86
88
88
88
90
89
90
91
92
90
89
89
87
87
86
87
85
84
84
86
85
84
84
84
85
86
89
90
88
87
87
89
88
88
88
85
86
85
86
87
89
95
96
98
98
97
98
97
97
97
90
89
89
90
88
88
88
89
88
88
88
90
89
88
89
89
88
86
86
86
85
86
84
86
86
87
87
89
90
87
83
83
77
70
64
57
50
44
8
28
27
1
3
12
15
34
42
48
56
65
78
95
95
116
122
110
104
108
98
105
68
71
76
70
57
61
65
63
63
64
55
59
64
64
58
61
68
68
68
69
68
71
72
72
69
67
67
68
68
69
69
69
64
65
70
71
72
69
70
68
81
73
73
78
80
70
70
74
74
63
54
54
59
53
57
62
53
57
65
58
61
71
70
60
59
64
61
61
62
63
42
47
63
71
79
86
86
85
79
74
79
74
61
65
56
59
67
58
64
73
66
74
67
67
72
75
71
68
61
65
64
57
58
63
56
57
62
56
57
62
55
66
79
70
75
135
128
133
142
136
148
134
146
149
155
89
89
97
85
87
77
77
70
59
63
73
70
71
69
81
80
77
75
72
51
55
62
70
56
46
49
59
62
68
77
75
70
77
81
78
84
70
67
83
66
72
68
70
67
64
65
63
67
7
13
11
28
33
43
50
54
63
67
76
67
75
8
6
8
7
9
15
23
32
41
49
58
66
7
33
55
63
71
79
84
91
99
101
99
83
70
67
32
34
46
54
58
63
76
91
80
85
77
75
64
64
68
62
5
10
15
14
29
34
46
64
81
90
99
106
107
116
87
96
104
90
83
90
8
18
35
49
62
74
87
110
125
139
137
43
46
50
60
73
82
86
72
42
53
61
67
71
75
52
50
56
60
57
38
42
47
51
10
10
11
11
5
10
23
44
57
63
69
76
82
81
86
92
75
67
61
61
62
61
62
61
61
63
62
61
61
61
61
61
61
61
62
61
61
62
61
62
62
61
61
62
62
61
62
61
61
62
61
62
61
60
60
60
60
59
60
59
60
60
61
60
60
62
62
61
62
62
62
61
62
61
61
60
61
62
62
62
63
62
63
63
64
63
63
63
62
63
61
60
60
60
60
59
59
59
59
62
62
61
61
62
61
63
62
62
62
63
62
62
63
62
62
61
61
61
60
61
61
61
60
61
60
61
60
61
60
61
60
60
59
60
60
60
60
61
61
61
61
60
61
60
61
61
60
61
62
62
61
61
60
60
59
59
57
57
61
63
66
73
74
85
89
89
86
82
72
65
54
48
45
8
10
6
69
7
19
17
14
20
24
27
32
35
40
44
41
44
15
23
23
29
37
44
53
62
70
77
76
74
82
4
9
32
57
71
79
136
147
156
165
174
170
138
5
9
31
45
61
75
93
110
128
146
164
151
168
152
166
158
168
159
166
161
158
104
116
138
151
164
164
138
143
135
100
104
80
83
21
16
13
40
77
86
100
107
119
124
140
145
147
76
77
65
63
48
49
24
19
49
58
65
90
107
114
127
140
87
98
110
115
107
91
98
105
108
112
104
92
103
32
43
128
250
271
282
292
298
296
295
293
275
193
99
94
107
117
127
134
141
145
144
144
146
65
81
104
119
129
132
135
147
148
94
113
122
145
149
109
133
152
168
178
133
150
168
177
194
155
175
187
180
122
131
152
159
159
128
111
62
79
109
124
130
120
75
80
95
104
126
116
97
103
111
121
126
117
112
98
94
68
67
63
40
44
50
57
64
64
64
64
43
48
58
66
67
66
65
47
56
65
70
66
61
47
54
61
68
67
46
52
59
68
66
65
65
51
59
64
64
64
51
59
63
63
63
51
58
63
63
63
50
57
62
63
63
51
58
63
75
79
122
133
141
140
141
109
112
119
134
130
76
69
75
73
48
46
51
57
63
59
59
61
41
45
50
57
63
66
68
66
47
54
61
69
66
65
65
50
59
66
92
102
88
93
100
99
97
82
88
95
55
55
61
51
57
66
64
63
63
51
55
61
63
64
55
59
66
67
57
61
69
70
55
62
69
69
69
60
64
71
65
68
54
58
64
64
48
54
62
67
63
45
51
59
66
65
67
56
60
68
68
69
51
55
63
65
47
51
59
64
50
54
60
62
50
56
63
62
47
53
60
66
64
63
49
57
62
61
59
45
51
57
63
62
45
52
59
66
65
66
52
58
66
67
66
51
58
65
66
64
62
49
55
62
64
64
47
55
62
70
67
65
64
49
55
64
63
61
44
51
56
62
64
65
49
57
62
64
52
58
65
67
47
53
60
67
68
68
68
68
68
68
68
68
68
68
68
68
70
70
69
69
69
69
69
70
70
70
68
68
68
69
67
68
67
66
69
69
70
68
43
48
55
61
68
67
63
43
47
55
62
64
65
63
42
45
51
56
59
59
60
31
38
46
54
58
64
65
66
50
54
58
61
46
50
55
55
38
43
50
59
29
33
41
49
53
58
65
64
50
54
59
60
47
53
60
62
62
44
48
58
66
67
67
64
48
52
57
62
59
57
56
26
32
37
41
48
55
64
63
61
43
49
57
63
63
61
47
54
61
63
62
46
52
60
64
62
61
47
53
60
61
59
41
47
54
61
61
59
42
48
55
63
62
61
46
52
59
65
64
64
52
56
61
61
60
45
51
58
66
39
44
51
59
65
64
64
66
54
58
63
63
47
53
57
63
62
45
50
55
62
63
51
57
62
61
48
55
60
60
59
43
51
55
60
61
46
50
55
63
64
49
53
58
60
47
53
60
62
47
50
55
61
62
62
62
61
61
43
53
57
63
63
62
47
53
60
65
38
45
52
59
65
63
61
48
55
61
62
61
46
53
57
62
59
41
47
53
61
60
36
41
48
54
61
62
60
42
49
55
62
61
59
42
49
55
63
61
60
45
52
57
62
63
64
49
54
59
61
48
55
60
61
44
49
56
63
62
60
49
56
63
55
61
61
47
52
57
62
61
46
50
54
58
34
41
49
53
58
33
39
46
54
59
59
41
49
56
63
62
60
45
51
59
64
63
47
51
58
64
65
63
52
56
62
49
54
54
55
41
49
58
67
57
65
73
81
81
78
74
71
67
64
62
62
60
33
38
45
53
57
62
61
45
50
57
64
61
42
49
53
58
58
56
37
44
51
59
31
35
40
48
55
60
61
59
45
51
58
66
63
42
49
56
64
65
63
61
48
56
61
61
60
42
50
55
60
58
36
43
51
56
59
33
38
44
51
59
59
37
41
48
54
62
62
60
40
47
53
62
62
62
43
52
57
62
63
62
49
56
60
63
39
45
52
57
63
60
42
50
54
60
61
42
49
54
60
60
42
49
55
61
63
46
50
61
70
71
56
62
69
75
37
41
46
55
60
64
61
60
40
48
55
60
61
59
42
50
53
58
59
39
45
50
55
56
36
40
47
56
60
32
36
43
52
56
61
63
46
52
57
62
61
48
54
62
61
59
42
51
56
61
61
61
47
50
55
60
57


countEmpty = 59	countFull = 1129
