179
248
280
293
304
315
327
338
349
360
187
129
116
116
106
128
123
132
136
136
136
136
129
128
138
114
119
115
112
102
95
88
114
114
117
124
134
137
132
135
138
134
104
97
80
67
56
7
5
7
5
5
25
39
56
72
83
93
103
103
111
120
111
105
96
85
83
82
82
80
80
79
78
78
77
77
78
78
76
77
77
77
76
74
79
76
79
77
78
78
78
77
79
78
77
78
77
75
75
77
77
76
75
75
75
77
77
76
75
75
74
74
76
76
75
75
74
74
74
75
74
74
73
73
73
74
75
75
76
76
75
75
75
77
76
76
75
75
75
75
77
77
76
76
76
76
76
77
77
77
75
76
76
76
76
74
76
74
74
74
75
75
74
76
74
75
76
76
75
76
74
75
75
75
75
74
76
74
76
74
74
74
75
74
75
75
75
74
73
74
75
74
75
75
77
78
79
78
79
79
79
80
80
80
77
75
75
75
74
74
74
74
74
74
74
74
75
75
75
75
75
75
74
74
74
75
75
73
77
77
77
77
78
78
77
78
77
78
75
75
75
75
75
76
75
76
76
76
76
76
76
75
75
76
76
76
75
75
75
75
74
75
75
74
74
75
75
75
76
75
76
76
76
75
75
75
76
75
75
80
80
80
80
81
81
81
81
80
80
76
75
75
75
75
75
75
76
78
78
78
78
78
78
79
78
78
77
76
94
95
95
95
96
99
100
100
103
93
84
85
86
85
81
74
75
70
67
65
62
60
22
31
42
50
72
86
102
121
132
145
135
133
133
136
133
136
130
125
124
124
124
124
124
126
120
117
116
115
114
114
114
114
115
115
115
115
117
118
120
120
120
120
120
121
121
120
134
138
153
154
175
191
211
223
237
250
246
260
259
275
275
274
269
275
279
279
279
282
288
324
300
276
253
228
202
183
162
134
18
19
32
65
103
142
173
204
224
248
268
276
276
261
235
212
191
174
155
153
143
133
129
116
110
110
106
108
109
142
152
173
223
224
230
254
286
312
320
309
314
315
268
312
337
333
320
302
285
267
245
224
199
161
136
105
90
80
73
80
75
78
75
64
89
84
90
95
92
80
84
96
108
115
92
95
94
82
84
65
57
50
13
19
43
56
72
87
94
127
137
138
167
181
169
172
170
183
145
158
161
175
151
141
127
117
106
82
74
66
61
58
57
45
54
64
73
83
90
91
91
92
92
92
92
92
91
91
105
105
106
105
105
106
106
105
105
98
97
95
94
116
127
133
138
134
130
124
121
115
119
89
74
7
20
33
47
55
64
72
78
88
96
96
89
85
7
9
17
27
45
61
76
96
107
115
103
109
117
113
103
94
87
74
63
70
78
67
71
79
77
77
66
74
76
77
71
76
77
77
70
75
78
78
79
69
74
76
75
65
70
72
73
57
66
74
75
61
66
75
74
66
71
73
75
59
68
77
80
77
70
77
79
68
76
78
77
67
73
75
73
66
71
72
73
62
67
73
74
75
65
70
71
72
62
66
75
75
62
70
78
77
76
70
77
79
70
77
79
79
67
75
74
70
60
64
63
60
49
54
9
14
23
32
41
49
58
68
77
87
87
87
87
87
86
83
85
83
84
83
88
89
89
88
87
84
84
81
76
75
68
14
24
32
36
44
54
59
70
79
84
76
2
1
11
21
28
40
51
57
60
65
75
86
89
89
96
96
78
85
92
99
87
93
74
81
7
19
47
66
90
116
147
181
206
237
257
275
275
230
235
162
168
174
123
129
100
71
19
25
31
37
43
49
58
81
89
99
42
60
71
82
92
102
113
108
106
115
106
104
103
102
103
101
102
102
102
102
102
102
102
102
102
103
104
103
103
102
102
103
102
103
102
102
102
102
103
102
103
103
102
103
103
104
103
104
104
104
103
103
104
103
104
104
103
104
102
103
103
103
103
103
104
103
103
103
103
103
103
103
103
102
103
102
103
103
102
103
103
103
103
103
104
102
102
102
102
101
102
101
101
101
101
102
101
102
102
101
102
102
102
102
101
103
103
103
110
111
111
111
111
112
111
111
130
132
121
116
111
105
99
96
91
82
7
13
19
27
33
38
44
49
54
60
7
14
20
26
32
36
42
48
54
60
7
15
20
25
31
36
42
48
53
58
7
13
19
24
30
35
41
47
52
57
7
13
19
25
30
36
41
47
53
58
7
14
20
25
31
37
42
48
53
59
7
14
20
25
31
36
42
47
53
59
7
12
17
22
27
32
37
43
47
52
5
14
20
26
31
37
43
47
53
58
63
7
13
19
25
31
37
49
55
61
66
7
13
19
25
30
36
40
46
52
58
8
13
18
25
30
36
41
47
53
58
7
18
24
29
34
40
46
52
57
62
8
13
19
24
30
36
42
47
52
64
7
35
64
94
123
150
179
209
238
268
284
281
280
279
278
279
279
285
286
284
285
285
286
286
286
286
282
278
278
278
277
278
277
278
277
277
278
278
277
278
278
279
279
279
279
280
280
280
280
280
281
280
281
281
280
280
280
279
280
281
286
291
296
301
305
311
317
319
327
332
331
330
327
324
324
319
315
319
308
302
295
279
265
256
237
217
194
167
153
57
64
71
77
79
64
70
65
73
65
75
72
82
79
89
84
93
90
93
93
87
84
81
77
72
72
63
71
63
74
72
82
79
88
97
108
103
113
117
116
115
116
116
105
103
104
104
103
103
104
104
103
103
104
103
103
104
103
103
103
103
103
103
103
103
103
104
103
103
104
103
103
104
103
103
102
103
103
103
103
103
102
103
103
103
103
103
104
103
101
101
101
101
101
101
101
101
101
101
103
103
103
103
103
103
103
103
103
103
103
102
103
103
102
103
103
101
102
102
101
102
102
101
100
98
97
98
97
98
97
97
96
98
97
99
99
99
100
100
99
99
96
99
99
100
100
100
100
99
98
100
99
101
101
101
101
100
101
102
102
101
100
101
101
98
93
86
79
72
67
64
57
53
46
10
23
31
38
49
57
62
67
74
83
89
64
72
74
89
92
119
154
165
188
217
237
249
278
261
289
283
281
282
282
282
284
284
284
279
279
279
278
277
277
311
347
332
315
299
277
254
231
209
186
86
77
16
20
26
32
38
43
48
54
60
65
12
13
18
24
29
35
41
46
51
57
8
13
19
24
33
41
49
57
65
75
12
14
21
38
50
58
68
74
79
86
88
86
88
82
82
61
71
82
92
98
100
102
103
101
102
101
102
101
101
101
101
101
100
103
102
100
97
95
91
88
85
82
79
76
70
74
63
70
65
71
65
71
63
73
69
80
77
88
82
87
82
100
104
103
99
103
105
96
104
100
106
96
104
94
104
102
99
103
104
104
103
102
103
102
102
103
102
103
102
102
103
102
102
102
102
103
102
103
103
102
103
102
103
102
102
103
102
102
102
102
102
102
103
102
114
114
114
115
114
114
114
114
114
105
103
102
102
103
103
103
103
103
103
104
104
104
103
103
104
103
104
103
103
102
102
103
103
103
103
102
103
103
103
103
103
102
103
102
103
103
103
103
103
102
103
103
103
103
102
102
103
102
103
102
102
103
102
103
102
102
103
102
103
103
103
103
103
103
103
103
103
103
102
102
103
102
102
102
102
102
102
103
102
102
102
103
103
103
103
103
102
103
103
103
103
103
103
102
102
102
102
101
102
102
102
103
104
104
105
105
106
105
105
104
105
104
103
103
103
102
103
103
103
103
102
103
103
103
103
103
102
103
103
103
103
102
103
103
102
103
102
102
102
102
103
102
102
103
102
103
103
103
103
102
103
103
102
103
102
102
103
102
102
103
102
103
103
104
103
103
103
103
102
103
102
102
101
102
102
102
100
100
100
100
100
100
100
100
100
100
102
102
102
102
103
102
102
102
102
102
102
102
102
101
103
102
103
103
103
103
103
103
104
102
103
102
102
103
102
103
102
102
102
102
102
102
103
102
102
103
102
103
101
102
102
102
102
102
102
102
102
103
103
103
102
103
103
102
103
102
100
101
101
101
96
92
86
80
75
70
66
60
9
8
21
33
44
55
65
79
89
98
106
107
101
98
101
99
97
91
91
91
90
90
89
90
83
84
83
84
85
88
87
87
87
88
88
89
88
88
87
85
84
84
84
83
81
79
80
80
81
80
80
83
85
84
85
86
85
86
86
86
86
85
84
85
85
85
85
88
88
87
87
89
87
87
87
86
86
83
83
83
82
82
82
82
82
83
83
83
83
83
83
83
82
80
80
80
80
81
80
80
80
80
79
79
80
80
79
79
79
81
80
80
81
81
81
94
96
97
96
97
97
97
97
97
100
86
84
84
85
84
85
85
84
84
83
86
86
86
87
86
86
86
84
85
86
81
81
80
81
80
81
82
81
81
81
82
83
82
83
83
82
82
82
82
82
82
81
81
81
81
80
81
80
81
81
81
81
82
82
82
83
83
81
82
82
82
83
83
85
84
84
84
85
84
84
83
83
82
82
82
83
84
83
84
85
86
84
85
86
85
87
89
89
88
87
90
90
92
91
94


countEmpty = 46	countFull = 1577
