1650
1729
1751
1755
1763
1769
1775
1780
1784
1788
78
46
50
10
15
17
20
23
26
29
32
34
37
145
153
156
159
162
165
168
170
173
176
10
18
21
24
26
29
31
34
37
40
5
39
39
48
55
61
64
67
70
73
81
14
16
19
22
25
27
30
33
33
6
14
18
21
23
26
29
32
35
38
40
5
6
12
30
36
41
42
58
77
87
96
8
12
12
11
11
18
22
36
43
49
55
62
63
74
80
33
38
48
54
60
65
70
7
5
15
23
34
43
50
56
61
69
69
78
70
77
49
56
63
70
75
71
79
72
23
25
28
31
34
37
40
7
4
12
21
27
31
36
42
47
53
50
55
5
7
8
16
21
26
32
38
44
47
52
5
7
7
14
17
21
27
32
37
42
48
6
7
7
14
20
24
29
33
37
43
48
6
7
8
14
20
25
30
33
38
42
48
3
4
6
12
17
21
27
32
37
42
48
5
7
6
10
17
25
30
36
40
45
49
43
48
53
5
7
7
11
16
24
29
35
39
44
48
44
48
53
5
6
6
14
20
25
30
36
40
43
49
4
5
5
10
16
21
26
31
37
42
47
3
4
5
12
17
21
27
32
38
42
47
4
6
15
19
24
29
35
39
43
49
55
4
6
6
11
17
24
29
35
40
43
49
43
48
53
5
4
12
17
22
27
33
38
44
50
7
12
23
31
38
45
53
61
70
77
77
6
16
34
47
61
75
88
101
117
134
140
33
49
69
89
101
115
137
155
168
183
163
156
150
145
148
150
17
19
22
24
27
30
33
35
38
42
55
5
6
13
15
18
21
24
27
29
32
35
40
6
3
6
8
21
34
46
58
71
82
94
107
7
23
37
50
64
78
92
106
120
134
9
27
41
56
70
84
96
109
124
138
8
22
36
51
65
80
94
109
124
138
48
6
25
38
52
65
76
90
103
116
133
7
21
34
49
63
77
92
107
122
137
7
25
40
56
71
86
102
115
128
141
6
22
43
59
76
817
847
855
864
874
12
21
39
47
73
123
141
143
147
152
78
80
85
94
116
4
7
10
29
35
43
59
72
87
102
116
12
11
21
36
54
71
88
105
121
137
11
31
53
75
93
108
125
142
159
176
181
12
11
24
41
59
76
99
203
210
220
19
26
28
36
44
53
63
70
73
88
12
31
53
89
118
137
157
174
193
223
232
206
221
12
15
19
22
24
28
31
35
38
41
8
12
15
18
22
25
28
32
35
39
9
12
16
19
22
26
29
32
36
39
9
14
19
23
25
27
30
33
71
78
21
22
25
28
31
34
37
40
7
10
13
16
18
21
24
27
30
33
7
10
12
15
17
20
23
26
29
32
7
10
12
15
18
21
24
27
30
32
7
10
14
16
19
22
25
28
31
38
6
6
15
25
31
39
48
56
67
72
72
81
7
5
13
22
29
38
45
54
61
71
8
5
9
16
24
31
40
48
56
63
59
67
78
6
5
11
20
29
37
46
56
60
68
72
75
5
4
12
17
24
34
39
47
57
62
5
4
12
20
30
39
44
53
60
70
7
12
18
22
27
32
36
40
45
49
7
12
17
22
26
30
35
40
45
49
8
12
17
22
27
32
36
41
45
49
7
13
18
23
27
31
36
41
46
51
7
13
17
22
26
30
35
39
44
48
7
11
16
21
25
30
35
40
44
48
7
12
16
21
26
29
34
39
44
48
7
12
16
21
26
29
34
38
43
48
7
12
17
22
27
30
35
39
44
49
7
12
16
20
24
28
32
36
39
44
8
17
20
23
26
29
31
34
37
40
10
16
22
28
34
40
45
51
58
64
61
57
58
58
57
57
58
58
58
58
57
57
58
58
60
57
54
51
48
45
40
37
34
11
19
28
36
43
51
58
66
73
81
78
72
71
71
71
71
70
71
72
74
74
74
75
75
75
76
76
75
75
75
74
73
73
72
71
71
70
71
71
71
70
71
71
71
71
72
72
71
72
71
72
72
72
73
72
73
73
72
73
73
73
73
72
73
73
74
74
73
74
72
72
72
72
72
72
72
72
73
72
72
72
72
71
71
71
71
72
71
71
71
71
71
71
71
71
70
71
70
71
70
71
71
71
71
73
72
73
73
73
73
73
74
74
73
74
73
74
73
73
73
72
72
71
86
86
86
86
86
86
85
86
85
74
70
69
69
68
69
69
68
69
69
68
68
67
67
68
68
68
66
66
66
67
67
66
66
67
67
67
67
67
67
68
68
68
68
68
68
68
69
69
69
68
69
69
68
68
68
68
68
68
69
69
68
68
69
69
68
75
75
75
75
75
76
75
75
75
69
69
68
68
69
68
68
68
69
68
68
69
69
68
68
69
69
68
68
67
68
67
67
67
67
67
67
67
68
68
68
68
69
68
68
68
68
68
69
69
69
68
68
69
69
68
67
69
68
68
69
69
66
66
66
67
67
66
67
66
64
71
72
70
66
64
62
59
56
54
50
13
24
29
37
42
48
443
2903
2923
2950
60
79
99
121
195
218
240
262
262
261
265
268
268
219
217
217
216
216
216
215
215
214
216
215
216
216
216
217
217
217
218
216
219
220
219
219
221
221
223
227
236
246
255
268
284
279
281
290
301
297
293
293
288
273
273
277
274
264
262
255
244
238
232
226
225
220
218
214
214
213
214
216
217
217
217
216
215
216
216
215
216
216
214
213
214
222
237
237
238
237
237
237
238
238
234
219
215
215
215
213
212
212
212
216
217
218
217
218
218
221
221
221
221
203
187
169
153
136
117
100
82
63
10
25
29
32
35
39
42
45
48
51
9
12
21
28
34
46
52
58
63
70
63
65
7
10
11
14
17
20
24
27
31
34
7
14
17
21
24
26
29
32
35
38
7
9
12
15
20
28
41
47
59
72
8
17
18
25
29
43
49
66
72
76
81
10
13
14
17
20
22
25
28
31
33
6
4
7
16
27
32
37
44
47
51
54
47
48
9
12
13
18
28
41
51
62
68
70
5
5
6
13
16
21
24
30
30
42
43
50
29
34
38
43
56
61
67
9
29
30
32
35
40
52
64
73
84
6
11
16
18
23
25
33
37
44
49
61
39
56
61
72
83
7
4
15
21
24
29
33
43
55
65
8
13
22
31
39
53
63
74
87
92
7
13
16
19
21
24
27
30
33
36
6
11
19
22
25
29
31
34
37
40
7
10
13
18
19
27
30
33
36
40
7
10
12
15
18
22
25
32
36
39
7
10
13
16
19
21
24
28
32
38
7
11
14
16
19
21
24
27
30
32
7
12
15
18
21
25
27
29
32
35
7
12
15
18
21
25
28
31
33
36
7
10
14
17
23
26
29
32
35
38
6
9
12
15
20
23
28
32
38
41
7
11
13
16
19
22
27
31
38
41
8
10
13
16
19
22
25
28
32
39
7
11
13
16
19
22
24
27
29
35
7
12
16
19
23
25
28
31
34
38
7
13
16
19
22
25
28
31
34
36
6
12
15
18
21
24
28
30
33
36
7
13
17
22
27
33
38
44
49
53
7
11
13
16
19
22
25
28
31
33
6
9
13
15
18
21
26
30
35
40
7
13
17
22
28
33
39
43
48
54
7
13
18
23
27
33
38
44
49
55
8
18
24
29
34
39
44
50
54
59
8
13
18
24
29
33
39
44
49
54
7
13
18
23
29
34
39
44
49
55
8
12
18
23
28
33
38
43
49
54
7
13
19
24
30
33
36
40
43
45
7
10
13
16
18
21
24
27
30
33
7
10
14
18
23
28
33
38
43
48
8
12
17
22
27
32
37
42
48
53
7
12
17
22
28
33
38
42
48
53
7
13
17
23
27
32
38
43
49
53
8
13
17
22
26
31
35
40
45
48
7
11
15
20
25
29
34
38
42
46
6
10
15
20
24
29
34
38
43
46
6
11
15
20
24
30
38
44
49
56
9
21
23
27
30
35
38
41
44
47
10
14
18
22
25
27
30
33
37
41
9
14
17
21
24
26
30
33
37
41
8
11
14
18
20
24
27
31
33
37
9
14
17
21
26
29
32
36
39
43
10
14
17
21
25
29
45
49
54
57
10
16
20
24
26
29
33
36
40
44
10
15
19
23
26
29
32
35
39
43
23
26
30
34
37
40
44
48
51
56
10
9
16
20
24
27
31
35
38
42
44
10
8
14
18
22
26
29
33
37
41
45
12
9
24
39
49
72
96
113
129
144
159
7
5
30
44
60
71
72
76
87
89
128
134
112
89
92
98
103
110
12
14
22
37
55
76
96
109
124
146
53
61
65
79
83
91
126
161
184
65
75
90
103
115
129
146
232
124
127
131
134
136
141
144
158
143
175
201
206
209
213
215
218
222
224
102
11
18
22
26
28
32
35
38
42
44
15
25
29
39
51
57
63
69
75
79
63
69
114
166
181
190
239
248
253
258
225
291
281
287
296
359
362
419
446
510
555
511
581
640
641
597
553
515
474
470
429
326
246
206
205
204
204
204
205
207
206
209
212
213
213
212
213
212
212
211
211
214
214
214
213
210
209
208
207
205
203


countEmpty = 162	countFull = 622
