2454
2515
2518
2520
2522
2525
2527
2528
2530
2533
25
32
38
60
69
71
73
76
88
97
66
74
80
45
46
50
55
56
36
37
41
5
207
219
222
223
228
243
253
256
269
276
64
81
88
93
122
107
123
128
232
244
247
224
238
245
203
207
191
208
61
61
66
84
60
64
83
92
167
147
151
154
174
153
153
154
128
129
40
42
44
46
22
47
55
74
82
84
86
89
90
92
70
43
45
21
44
60
76
82
85
87
89
90
93
73
48
35
231
262
285
293
305
313
326
334
335
337
101
75
49
51
33
34
12
16
20
23
27
31
36
40
43
47
11
15
19
22
26
31
35
39
43
46
10
14
19
23
27
32
35
39
43
47
11
15
19
22
26
31
35
39
43
46
11
15
18
22
26
31
35
39
43
46
11
14
19
22
26
30
34
39
43
46
11
14
19
23
27
30
34
39
43
47
11
14
22
27
31
34
38
43
47
51
13
14
16
19
21
22
27
31
34
35
11
12
14
16
18
20
21
23
25
27
12
15
19
23
27
30
34
43
45
47
9
12
14
20
23
27
31
35
39
42
11
16
20
24
28
32
36
41
45
49
11
14
18
23
27
30
35
39
43
47
10
14
18
23
27
30
36
37
39
42
10
14
16
19
23
25
27
30
33
37
11
14
17
21
25
30
34
38
42
46
12
16
21
24
28
31
35
39
43
46
11
13
15
17
19
22
24
26
28
30
8
10
13
15
17
19
21
24
25
27
11
15
20
22
26
27
30
34
36
40
11
15
19
22
26
30
35
39
42
46
10
14
17
20
24
28
33
37
41
43
11
13
15
19
21
25
28
31
35
39
10
13
17
21
25
29
33
37
40
44
21
46
77
108
137
166
195
225
256
286
294
296
294
295
296
296
299
297
296
295
296
295
294
281
280
253
225
198
170
144
115
89
27
56
86
117
148
176
206
233
262
290
290
288
285
283
283
257
268
245
253
231
238
216
222
200
202
207
200
205
200
205
201
205
231
236
234
238
233
237
232
237
232
237
204
208
202
207
201
205
201
205
210
218
204
207
170
198
171
253
218
222
170
179
156
166
170
141
162
77
77
79
65
67
68
55
56
53
32
10
8
6
4
3
14
24
24
5
7
10
3
5
9
10
6
6
7
32
35
41
42
48
51
53
59
60
65
7
9
8
9
14
34
28
29
30
43
50
67
68
68
74
41
45
47
52
6
3
3
2
10
7
6
2
9
8
11
5
6
7
17
43
53
73
81
84
84
79
82
84
81
52
53
45
46
51
59
86
89
97
120
121
126
80
91
92
91
58
56
72
42
43
60
65
59
64
79
85
93
98
104
118
103
107
88
114
99
104
104
80
116
90
91
93
95
9
10
12
14
16
18
19
21
23
25
8
10
13
15
17
22
23
36
41
49
41
65
70
73
81
102
111
102
114
115
98
69
75
82
84
56
61
68
3
2
8
25
31
36
54
59
76
81
86
88
93
73
71
81
63
62
44
48
50
61
49
50
60
49
49
60
48
49
60
48
49
59
48
49
59
48
49
59
48
49
59
49
49
60
48
49
59
48
49
59
49
49
60
48
49
59
48
49
59
48
49
60
48
49
59
48
48
53
39
40
45
31
33
35
8
12
11
8
17
19
22
24
26
27
29
31
5
8
11
13
16
18
21
23
25
27
29
5
9
11
13
15
17
20
22
23
26
28
6
8
11
13
15
16
18
21
23
25
26
3
9
10
4
133
137
139
142
147
164
169
182
184
193
56
59
66
73
80
60
62
3
1
11
31
35
40
41
59
65
74
100
109
104
71
73
75
76
55
56
51
8
24
27
40
63
77
80
86
88
100
101
74
74
80
43
41
52
58
61
86
90
92
94
78
80
81
65
67
68
9
12
13
15
17
19
22
24
25
30
12
12
12
15
17
19
20
22
24
27
5
7
11
13
14
20
23
25
27
29
31
10
18
18
21
22
24
26
29
31
32
34
5
20
8
11
13
13
15
17
18
20
22
24
27
3
16
16
19
25
23
27
29
32
31
33
36
38
5
10
28
19
22
22
23
26
27
30
32
34
36
5
10
22
16
23
24
27
28
30
33
36
37
40
6
12
25
12
8
7
16
13
19
60
73
67
66
69
71
92
104
108
109
48
48
58
58
83
95
30
34
38
63
77
83
94
100
58
59
72
73
75
2
2
20
55
59
81
88
98
114
153
169
191
205
167
184
164
184
208
197
16
9
23
36
49
9
19
12
15
17
21
28
30
31
42
43
1
358
381
15
87
87
102
114
134
408
423
426
427
430
346
352
334
338
327
10
10
7
7
8
2
4
8
10
16
26
36
28
35
55
61
73
79
88
106
111
102
104
110
82
89
101
87
85
58
75
79
84
71
81
80
62
92
98
101
92
100
144
150
177
182
201
199
203
212
209
218
199
203
162
204
186
174
179
189
182
191
181
185
192
186
194
179
183
191
163
185
146
185
190
138
183
139
178
182
187
185
218
176
190
190
144
152
110
118
122
95
65
71
4
9
18
25
20
19
26
32
39
47
54
63
70
79
3
5
5
4
5
3
5
4
5
5
7
1
5
8
18
22
32
55
67
69
71
71
74
75
55
56
53
7
1
2
2
2
3
14
19
29
46
68
74
75
77
80
82
64
65
61
40
5
1
2
1
2
1
14
18
27
44
66
73
75
77
78
80
63
64
61
42
5
21
29
31
33
35
37
39
41
43
44
12
11
22
40
41
53
69
73
76
78
68
69
67
44
48
43
5
7
7
16
18
28
46
50
56
72
81
83
83
64
66
63
40
39
42
5
9
12
27
32
36
37
41
48
68
69
80
80
51
57
64
71
77
79
18
17
26
48
56
59
59
63
65
78
60
64
59
27
32
34
45
50
51
44
48
50
60
49
50
60
49
49
60
48
49
60
48
49
60
48
50
59
49
49
60
48
49
60
48
49
59
50
57
63
54
60
67
57
63
70
28
28
33
37
38
49
55
56
67
72
50
59
49
50
52
40
40
45
30
33
34
1
14
13
22
45
52
55
56
59
64
67
56
57
60
27
28
38
43
45
43
48
49
60
48
49
60
48
49
59
48
50
60
49
49
60
48
49
60
48
49
60
49
50
60
49
49
60
48
49
60
48
49
59
50
51
56
46
52
59
49
55
62
35
37
39
41
43
45
47
48
51
53
12
14
15
18
20
22
24
26
28
30
9
11
13
14
16
18
20
22
23
25
9
11
13
15
17
19
20
22
24
25
5
8
10
12
14
17
18
20
22
23
33
23
28
30
32
34
37
39
40
42
38
13
14
16
116
120
122
124
126
129
131
41
42
44
10
11
14
16
18
20
22
23
26
28
6
8
12
14
16
17
20
22
24
26
28
6
8
11
13
15
17
20
21
23
25
27
6
10
12
14
15
17
20
22
24
26
28
4
24
31
37
46
53
61
69
77
85
94
3
7
13
6
13
9
15
19
29
37
45
52
60
68
76
84
92
4
7
12
6
12
8
14
20
28
69
79
123
164
177
185
193
201
178
186
144
151
110
22
29
37
45
55
66
74
82
90
99
29
36
45
54
62
73
80
89
98
107
24
21
80
659
667
669
671
673
675
677
652
653
595
13
14
17
19
20
22
25
27
29
30
8
10
12
13
15
18
20
22
24
25
12
13
13
15
17
19
21
23
24
27
10
13
14
15
17
19
22
24
26
28
10
12
12
13
15
16
18
21
26
29
19
21
21
23
25
26
28
32
34
35
11
13
13
15
18
19
21
24
26
28
10
12
13
15
17
20
22
23
25
28
27
37
43
51
57
65
73
81
89
97
24
33
39
47
55
63
71
79
87
95
25
35
58
61
70
79
88
96
105
112
26
36
43
51
60
67
76
84
93
102
25
35
41
49
58
67
75
83
91
100
26
37
43
52
61
69
77
86
94
103
25
36
42
51
59
68
76
84
93
101
27
36
44
52
61
69
77
85
93
102
25
34
41
49
58
67
76
84
91
100
32
45
55
64
72
81
89
93
395
408
320
338
346
349
351
353
356
358
36
38
40
11
13
13
15
17
19
21
23
25
27
17
19
19
21
24
25
27
29
31
34
12
13
13
16
18
20
22
24
26
28
12
16
16
18
21
23
25
27
30
31
13
19
34
43
43
56
59
62
68
68
57
66
14
19
20
26
26
2
2
3
20
29
32
34
36
38
40
43
45
45
6
18
16
19
27
48
52
63
83
88
99
97
117
126
128
107
114
115
95
102
105
15
17
17
17
19
21
23
25
27
29
7
30
34
37
39
44
53
60
69
77
85
7
5
12
13
18
19
3
2
5
11
29
35
38
41
39
50
56
58
70
67
42
66
77
79
81
64
65
67
54
56
53
3
9
6
4
10
32
35
39
43
49
56
155
161
170
174
128
153
157
161
166
169
50
49
56
89
101
103
72
55
40
39
41
44
46
6
5
10
31
31
38
41
40
45
78
103
110
115
77
71
53
59
94
102
104
72
54
57
41
40
43
45
7
6
6
8
5
8
22
30
39
48
57
65
