235
274
280
282
287
289
299
310
317
324
44
50
57
63
71
72
68
68
69
73
72
68
65
62
53
49
47
42
0
3
10
17
23
29
35
41
48
57
63
62
62
62
61
61
61
61
61
59
57
58
58
58
58
58
58
59
59
59
59
59
60
60
60
59
60
61
63
61
59
56
53
52
54
54
53
31
36
42
49
56
62
63
62
63
61
61
61
61
61
61
61
61
61
61
62
61
61
61
61
61
61
61
61
61
60
61
60
60
60
61
64
66
70
72
77
82
85
89
91
93
95
98
96
96
102
112
113
113
111
118
109
108
109
102
94
95
97
97
97
97
90
87
88
87
80
82
81
79
73
76
94
97
98
110
116
120
139
139
159
163
165
169
170
165
154
144
141
143
136
126
124
125
122
125
131
123
106
103
108
103
90
96
93
104
94
93
82
100
93
104
94
92
84
94
105
110
102
119
111
115
108
100
91
82
84
76
792
1009
1240
1256
1255
1285
1304
1322
1338
1351
326
337
15
9
15
19
30
33
37
48
50
60
6
11
16
18
24
28
34
40
42
44
51
42
43
35
36
31
26
28
8
22
27
28
34
41
45
48
53
56
53
38
42
49
41
37
36
37
37
34
34
37
38
32
37
38
36
42
44
36
37
42
35
40
37
37
43
41
35
37
43
35
37
37
29
32
32
24
26
31
26
30
38
33
38
39
33
37
44
35
36
36
34
34
29
34
35
33
30
30
35
31
22
26
28
22
27
29
19
24
31
25
30
37
39
48
49
56
60
52
58
65
67
65
61
65
65
64
65
66
66
64
65
61
62
60
57
57
57
59
74
75
77
79
77
83
83
82
86
85
7
14
24
38
46
49
53
56
60
64
9
9
10
20
31
40
48
56
91
96
95
103
109
67
73
81
89
97
8
8
15
25
34
41
49
59
64
72
10
11
27
46
65
80
95
103
113
131
127
131
117
107
96
86
78
86
76
66
68
67
65
62
67
61
62
63
63
59
63
61
59
58
63
60
59
40
42
45
50
55
54
55
55
56
36
37
43
47
52
52
52
52
34
35
39
42
46
50
47
47
48
25
31
39
43
47
52
61
61
62
59
58
40
46
53
60
60
61
43
46
51
56
57
58
57
57
39
42
47
51
56
61
61
61
60
42
48
55
62
70
66
66
67
66
67
68
69
65
61
57
67
72
78
85
88
30
37
45
53
60
68
75
83
7
6
17
25
27
29
31
33
36
38
31
31
4
1
3
4
11
14
17
24
31
37
37
42
44
26
31
38
45
52
5
4
6
13
13
17
17
22
23
27
29
8
6
7
10
13
12
17
22
28
31
0
1
3
7
13
20
24
27
29
32
35
39
42
38
6
9
9
17
18
23
29
35
40
46
51
9
6
9
8
6
15
20
27
33
41
48
55
7
3
18
32
40
45
50
55
61
66
62
66
58
48
48
48
48
48
47
47
48
48
48
48
47
48
48
48
48
48
47
47
48
48
48
48
47
47
47
48
48
48
48
48
48
48
48
48
48
47
47
48
48
48
47
47
47
47
47
47
48
48
48
47
46
47
44
41
38
34
30
27
22
23
5
15
17
14
22
27
33
38
43
49
54
6
7
8
15
27
33
35
39
44
47
50
46
51
57
17
22
28
34
39
44
50
56
56
56
56
56
56
56
56
57
56
56
56
56
56
55
55
54
54
53
53
52
53
52
52
52
52
62
63
64
63
64
63
64
63
64
53
52
53
52
53
52
53
52
53
52
52
52
52
52
52
52
52
52
52
52
52
51
51
52
51
52
51
52
51
52
51
52
52
52
52
52
52
52
52
51
52
51
52
51
52
51
52
51
52
52
52
52
51
52
51
52
51
52
51
52
51
51
52
51
52
51
52
51
52
51
52
52
52
52
52
52
50
51
53
56
53
53
51
50
48
47
46
41
14
17
20
24
24
29
40
42
54
62
55
66
61
62
69
68
65
69
61
59
55
53
53
60
57
56
61
58
63
63
68
66
57
63
59
65
62
67
58
60
54
59
53
58
47
52
49
49
55
55
54
54
54
54
54
54
54
54
54
54
54
53
54
54
54
53
54
54
53
54
54
54
54
54
54
54
53
54
54
54
54
54
54
54
53
54
54
54
53
54
54
54
54
54
54
54
54
54
54
54
54
54
54
54
53
54
54
54
54
54
54
53
54
54
53
53
54
54
53
54
54
54
53
54
54
53
54
54
53
65
62
67
70
75
78
87
92
98
96
63
69
77
88
98
97
90
91
85
89
85
93
85
92
86
85
83
83
83
86
85
87
87
89
89
87
81
87
78
84
78
75
72
64
69
67
60
65
59
57
57
57
57
56
56
56
57
57
56
56
55
55
54
54
54
53
53
52
53
52
53
52
53
52
52
52
48
48
48
49
49
50
50
51
45
51
57
56
56
56
56
55
55
55
54
55
54
54
53
53
52
52
52
52
52
52
52
51
52
51
52
51
52
51
52
51
52
52
52
52
52
54
50
51
52
53
53
52
53
54
49
54
55
54
53
53
52
53
52
52
52
52
52
51
52
51
52
51
52
51
52
51
52
51
52
52
52
52
52
52
52
52
52
52
51
52
51
52
51
52
51
52
51
52
52
52
52
52
52
52
52
52
52
52
52
52
52
57
54
56
55
55
57
58
60
61
54
60
55
61
62
62
62
62
61
62
62
61
61
61
61
60
61
61
61
62
62
63
62
63
62
64
64
62
58
55
51
49
45
42
37
11
16
19
25
31
37
43
50
57
58
58
62
62
62
62
62
63
62
62
59
58
59
59
58
59
59
58
58
61
61
61
61
61
61
61
61
61
61
60
61
60
61
60
60
61
60
61
61
61
61
61
62
61
62
62
61
62
62
61
62
61
61
61
62
61
62
62
61
59
59
59
59
59
59
59
59
59
63
62
62
63
62
62
62
62
62
62
60
59
59
59
59
59
59
58
58
63
61
62
62
62
62
62
62
62
63
63
63
64
63
63
63
60
59
58
59
58
58
58
59
57
63
63
62
62
62
63
63
62
63
63
62
62
62
63
62
63
62
62
60
58
58
59
59
60
59
58
54
57
57
52
52
51
47
46
45
51
50
47
50
49
49
50
48
46
44
44
49
48
45
44
49
46
49
49
50
50
47
50
51
49
51
49
49
45
43
44
44
53
53
58
58
56
58
56
61
62
53
53
52
50
49
51
51
60
61
69
65
67
71
69
80
74
77
75
71
61
66
64
66
62
51
51
50
51
51
49
54
61
63
67
67
66
65
59
67
58
57
50
51
46
48
46
46
44
47
46
43
46
45
45
47
44
47
46
46
45
46
47
47
47
46
45
46
43
49
53
54
52
49
49
53
160
164
173
172
174
154
163
171
180
247
10
6
11
16
19
24
28
34
39
44
50
51
46
47
50
54
49
51
48
50
47
55
54
51
59
54
57
55
57
57
58
62
58
58
55
55
55
56
56
56
54
55
55
56
55
55
55
56
56
56
55
56
56
54
52
50
47
44
42
39
38
35
3
6
12
19
26
36
37
45
52
66
70
66
67
59
58
57
65
66
59
43
43
47
52
45
49
54
46
48
45
46
51
46
45
50
56
56
59
61
29
27
30
36
39
44
25
27
32
35
41
48
45
51
49
49
52
52
56
54
51
54
53
49
48
49
47
47
46
48
46
42
47
47
51
49
48
44
47
44
47
44
43
42
44
42
44
42
44
42
46
44
42
44
42
43
42
47
43
42
46
43
46
43
46
47
46
53
52
53
58
57
57
56
52
52
51
49
47
43
43
46
43
47
45
43
48
43
47
47
44
47
47
52
52
51
57
58
57
62
62
62
61
62
63
61
61
62
61
60
60
60
60
57
57
54
53
53
54
53
54
53
58
56
60
61
61
57
57
53
53
49
48
44
42
39
42
42
47
44
46
47
52
49
52
48
47
47
50
52
52
50
53
51
56
56
56
57
55
53
51
56
56
57
58
57
56
53
57
52
51
51
51
50
49
47
50
49
52
50
48
47
48
47
50
49
49
50
49
50
48
45
43
45
43
43
47
48
51
52
53
51
55
51
49
50
50
50
49
51
51
50
52
51
51
51
50
48
52
49
48
52
49
48
48
46
49
45
48
44
44
44
44
43
45
43
47
47
51
49
51
52
52
56
56
56
55
53
56
55
55
55
54
52
50
50
55
52
51
49
47
44
48
47
44
43
48
47
52
48
51
52
52
56
52
51
48
47
51
49
47
44
43
48
45
47
48
48
53
54
54
53
50
53
49
47
45
42
42
46
43
46
43
47
47
49
47
47
44
47
47
52
51
52
56
52
50
54
52
50
50
50
51
50
56
52
51
56
55
52
50
49
47
45
51
48
47
44
48
48
48
50
48
48
50
48
49
47
43
42
43
41
41
45
45
47
46
48
46
52
51
52
51
48
50
46
48
46
45
45
42
41
46
45
47
45
46
45
41
45
44
45
45
47
46
48
45
47
45
45
44
45
49
45
49
45
48
46
44
44
40
39
44
43
48
45
45
43
39
42
39
35


countEmpty = 40	countFull = 1459
